%YAML:1.0
---
points: [ 1.12273962e+03, 3.86462158e+02, 1.14144373e+03, 3.95613861e+02,
    1.16026172e+03, 4.04910797e+02, 1.17907129e+03, 4.14261169e+02,
    1.19837732e+03, 4.23556549e+02, 1.11317175e+03, 4.05570526e+02,
    1.13160193e+03, 4.14690430e+02, 1.15029614e+03, 4.24096069e+02,
    1.16906616e+03, 4.33346222e+02, 1.18827075e+03, 4.42814026e+02,
    1.10344458e+03, 4.24365112e+02, 1.12182361e+03, 4.33588501e+02,
    1.14045764e+03, 4.42891541e+02, 1.15919690e+03, 4.52435333e+02,
    1.17819324e+03, 4.61883423e+02, 1.09378540e+03, 4.43027557e+02,
    1.11230713e+03, 4.52424072e+02, 1.13065466e+03, 4.61769928e+02,
    1.14935779e+03, 4.71320587e+02, 1.16819067e+03, 4.80846344e+02,
    1.08434705e+03, 4.61711273e+02, 1.10259204e+03, 4.71221466e+02,
    1.12088330e+03, 4.80506958e+02, 1.13955188e+03, 4.90181030e+02,
    1.15834741e+03, 4.99816162e+02, 1.07474744e+03, 4.80274384e+02,
    1.09310474e+03, 4.89679657e+02, 1.11134595e+03, 4.99373596e+02,
    1.12982922e+03, 5.08844299e+02, 1.14849817e+03, 5.18616943e+02,
    1.06543530e+03, 4.98758026e+02, 1.08346008e+03, 5.08310364e+02,
    1.10169312e+03, 5.17795288e+02, 1.12009155e+03, 5.27576416e+02,
    1.13865808e+03, 5.37320984e+02 ]
