%YAML:1.0
---
points: [ 2.79703033e+02, 1.28883240e+02, 2.97714111e+02, 1.30171371e+02,
    3.15380341e+02, 1.31278915e+02, 3.33029907e+02, 1.32452637e+02,
    3.50446106e+02, 1.33559174e+02, 2.78301422e+02, 1.47523849e+02,
    2.96149506e+02, 1.48641602e+02, 3.13705719e+02, 1.49663757e+02,
    3.31180115e+02, 1.50697189e+02, 3.48491486e+02, 1.51744232e+02,
    2.76947845e+02, 1.65702927e+02, 2.94636078e+02, 1.66722366e+02,
    3.12108154e+02, 1.67714813e+02, 3.29367584e+02, 1.68718658e+02,
    3.46624512e+02, 1.69637329e+02, 2.75603699e+02, 1.83498703e+02,
    2.93154449e+02, 1.84552902e+02, 3.10440857e+02, 1.85392365e+02,
    3.27637451e+02, 1.86320450e+02, 3.44819305e+02, 1.87166641e+02,
    2.74296387e+02, 2.01018646e+02, 2.91709045e+02, 2.01951874e+02,
    3.08886444e+02, 2.02779633e+02, 3.25860138e+02, 2.03689178e+02,
    3.42876526e+02, 2.04455597e+02, 2.72951263e+02, 2.18292938e+02,
    2.90306641e+02, 2.19158936e+02, 3.07274017e+02, 2.19871033e+02,
    3.24126526e+02, 2.20634323e+02, 3.40980469e+02, 2.21416290e+02,
    2.71721863e+02, 2.35328171e+02, 2.88899902e+02, 2.36105469e+02,
    3.05739532e+02, 2.36785507e+02, 3.22447327e+02, 2.37523331e+02,
    3.39226929e+02, 2.38041946e+02 ]
