%YAML:1.0
---
points: [ 7.00677612e+02, 4.81537933e+02, 7.27699646e+02, 4.81944733e+02,
    7.54113953e+02, 4.82440979e+02, 7.80261902e+02, 4.82876862e+02,
    8.06106079e+02, 4.83372253e+02, 7.00541992e+02, 5.07682831e+02,
    7.27518250e+02, 5.08077515e+02, 7.54047485e+02, 5.08365692e+02,
    7.80187805e+02, 5.08579834e+02, 8.05941284e+02, 5.08803406e+02,
    7.00400269e+02, 5.33772522e+02, 7.27342163e+02, 5.33907654e+02,
    7.53847290e+02, 5.34159058e+02, 7.80027710e+02, 5.34258484e+02,
    8.05851379e+02, 5.34357300e+02, 7.00303223e+02, 5.59876953e+02,
    7.27197388e+02, 5.59813232e+02, 7.53674927e+02, 5.59800415e+02,
    7.79778320e+02, 5.59734497e+02, 8.05638672e+02, 5.59696899e+02,
    7.00005737e+02, 5.86091309e+02, 7.27052551e+02, 5.85827454e+02,
    7.53470398e+02, 5.85656494e+02, 7.79608521e+02, 5.85460449e+02,
    8.05490295e+02, 5.85194763e+02, 6.99722778e+02, 6.12264526e+02,
    7.26829285e+02, 6.11786865e+02, 7.53290833e+02, 6.11414978e+02,
    7.79417480e+02, 6.11090027e+02, 8.05279724e+02, 6.10471985e+02,
    6.99438721e+02, 6.38349365e+02, 7.26561951e+02, 6.37773865e+02,
    7.53086853e+02, 6.37229431e+02, 7.79183105e+02, 6.36491028e+02,
    8.05053711e+02, 6.35971436e+02 ]
