%YAML:1.0
---
points: [ 3.10649841e+02, 1.57835846e+02, 3.16908356e+02, 1.60954361e+02,
    3.23290344e+02, 1.64108887e+02, 3.30067627e+02, 1.67283127e+02,
    3.36573792e+02, 1.70147812e+02, 3.07206757e+02, 1.64178818e+02,
    3.13352142e+02, 1.67469894e+02, 3.19740692e+02, 1.70263580e+02,
    3.26167572e+02, 1.73940308e+02, 3.33876373e+02, 1.77238434e+02,
    3.03967712e+02, 1.70946487e+02, 3.10256073e+02, 1.73869186e+02,
    3.16331329e+02, 1.77180420e+02, 3.22742371e+02, 1.80173782e+02,
    3.29290833e+02, 1.83477097e+02, 3.00448425e+02, 1.77339096e+02,
    3.06197174e+02, 1.80425385e+02, 3.12949677e+02, 1.83314728e+02,
    3.19515381e+02, 1.87018250e+02, 3.26731720e+02, 1.90748566e+02,
    2.97407501e+02, 1.83400131e+02, 3.03203918e+02, 1.86797989e+02,
    3.09920471e+02, 1.90214005e+02, 3.15952850e+02, 1.93324326e+02,
    3.21500000e+02, 1.97500000e+02, 2.93797455e+02, 1.90313782e+02,
    2.99921570e+02, 1.93404877e+02, 3.05546082e+02, 1.96400085e+02,
    3.12707916e+02, 1.99743256e+02, 3.18739685e+02, 2.04029587e+02,
    2.90884247e+02, 1.96351761e+02, 2.96587067e+02, 1.99181534e+02,
    3.03402344e+02, 2.03348953e+02, 3.09593292e+02, 2.05809998e+02,
    3.16002747e+02, 2.09762421e+02 ]
