%YAML:1.0
---
points: [ 3.42027405e+02, 1.69240875e+02, 3.48557831e+02, 1.72427994e+02,
    3.55238770e+02, 1.75629639e+02, 3.62259674e+02, 1.78946442e+02,
    3.69374420e+02, 1.82157196e+02, 3.38297119e+02, 1.76055618e+02,
    3.45066071e+02, 1.79221298e+02, 3.51656189e+02, 1.82296204e+02,
    3.58374481e+02, 1.85657349e+02, 3.65649750e+02, 1.89213196e+02,
    3.34933350e+02, 1.82437500e+02, 3.41282623e+02, 1.85731659e+02,
    3.48191895e+02, 1.89123657e+02, 3.54797760e+02, 1.92282059e+02,
    3.61858521e+02, 1.95844101e+02, 3.31349152e+02, 1.89178024e+02,
    3.37495422e+02, 1.92321350e+02, 3.44342865e+02, 1.95603973e+02,
    3.51334808e+02, 1.99272629e+02, 3.58726349e+02, 2.02466599e+02,
    3.27863861e+02, 1.95463593e+02, 3.34342102e+02, 1.99051575e+02,
    3.40825439e+02, 2.02284515e+02, 3.47635925e+02, 2.05693085e+02,
    3.54266113e+02, 2.09611572e+02, 3.24301941e+02, 2.02347534e+02,
    3.30620880e+02, 2.05472519e+02, 3.37407196e+02, 2.08991028e+02,
    3.44054138e+02, 2.12298737e+02, 3.50723785e+02, 2.16115387e+02,
    3.21145569e+02, 2.08428940e+02, 3.27434357e+02, 2.11826324e+02,
    3.33724823e+02, 2.15386627e+02, 3.40813568e+02, 2.18728027e+02,
    3.47323303e+02, 2.22745773e+02 ]
