%YAML:1.0
---
points: [ 7.01962708e+02, 4.82005157e+02, 7.29046143e+02, 4.82436279e+02,
    7.55471008e+02, 4.82952454e+02, 7.81520813e+02, 4.83358154e+02,
    8.07399902e+02, 4.83758881e+02, 7.01823120e+02, 5.08298889e+02,
    7.28811035e+02, 5.08525146e+02, 7.55319153e+02, 5.08762329e+02,
    7.81412415e+02, 5.09105835e+02, 8.07272888e+02, 5.09354706e+02,
    7.01738281e+02, 5.34344727e+02, 7.28671631e+02, 5.34483765e+02,
    7.55151123e+02, 5.34573853e+02, 7.81327209e+02, 5.34661865e+02,
    8.07120361e+02, 5.34731812e+02, 7.01544434e+02, 5.60454102e+02,
    7.28493774e+02, 5.60410339e+02, 7.55011292e+02, 5.60372131e+02,
    7.81124146e+02, 5.60340515e+02, 8.06990295e+02, 5.60339050e+02,
    7.01434204e+02, 5.86603882e+02, 7.28437378e+02, 5.86446594e+02,
    7.54865051e+02, 5.86177063e+02, 7.80902710e+02, 5.86071899e+02,
    8.06754639e+02, 5.85806335e+02, 7.01267151e+02, 6.12684143e+02,
    7.28190063e+02, 6.12452271e+02, 7.54572632e+02, 6.11954651e+02,
    7.80732849e+02, 6.11529968e+02, 8.06601624e+02, 6.11221130e+02,
    7.00964478e+02, 6.38919006e+02, 7.28002747e+02, 6.38406738e+02,
    7.54432861e+02, 6.37810425e+02, 7.80568298e+02, 6.37216248e+02,
    8.06453003e+02, 6.36569214e+02 ]
