%YAML:1.0
---
points: [ 2.28707764e+02, 1.25719551e+02, 2.45913467e+02, 1.27122391e+02,
    2.62554321e+02, 1.28301758e+02, 2.78604919e+02, 1.29552948e+02,
    2.94329651e+02, 1.30624771e+02, 2.27882477e+02, 1.44023849e+02,
    2.44984741e+02, 1.45043167e+02, 2.61444885e+02, 1.46041351e+02,
    2.77441711e+02, 1.46972244e+02, 2.93040924e+02, 1.47821518e+02,
    2.27154541e+02, 1.61796448e+02, 2.44112732e+02, 1.62686630e+02,
    2.60476807e+02, 1.63392929e+02, 2.76280670e+02, 1.64069397e+02,
    2.91798737e+02, 1.64715866e+02, 2.26346970e+02, 1.79302155e+02,
    2.43238693e+02, 1.79845154e+02, 2.59380829e+02, 1.80376572e+02,
    2.75115356e+02, 1.80791687e+02, 2.90525757e+02, 1.81298889e+02,
    2.25524704e+02, 1.96599045e+02, 2.42324448e+02, 1.96812149e+02,
    2.58348938e+02, 1.97076187e+02, 2.73900482e+02, 1.97399200e+02,
    2.89155670e+02, 1.97616455e+02, 2.24707062e+02, 2.13596985e+02,
    2.41348068e+02, 2.13629456e+02, 2.57284424e+02, 2.13620560e+02,
    2.72683441e+02, 2.13634018e+02, 2.87867279e+02, 2.13682388e+02,
    2.23848221e+02, 2.30155334e+02, 2.40435455e+02, 2.30021149e+02,
    2.56215454e+02, 2.29835648e+02, 2.71601807e+02, 2.29655228e+02,
    2.86682892e+02, 2.29430283e+02 ]
