%YAML:1.0
---
points: [ 1.22310059e+03, 4.23639252e+02, 1.24262598e+03, 4.32844086e+02,
    1.26221362e+03, 4.42506989e+02, 1.27968799e+03, 4.50926117e+02,
    1.30430310e+03, 4.62720734e+02, 1.20396252e+03, 4.38747589e+02,
    1.23258203e+03, 4.52652313e+02, 1.23918994e+03, 4.56039001e+02,
    1.27235742e+03, 4.72251740e+02, 1.29010254e+03, 4.80701263e+02,
    1.20312158e+03, 4.62483643e+02, 1.21907727e+03, 4.72256836e+02,
    1.24231091e+03, 4.82017517e+02, 1.25950000e+03, 491., 1.28209302e+03,
    5.01750916e+02, 1.18574597e+03, 4.77682220e+02, 1.21227039e+03,
    4.91306915e+02, 1.21899133e+03, 4.94796783e+02, 1.25119299e+03,
    5.11034363e+02, 1269., 521., 1.18260840e+03, 5.00433685e+02,
    1.19231238e+03, 5.05377716e+02, 1.22062646e+03, 5.20148621e+02,
    1.23716614e+03, 5.30223816e+02, 1.26114661e+03, 5.40911743e+02,
    1.16264905e+03, 5.13947021e+02, 1.19221765e+03, 5.29564941e+02,
    1209., 5.38500000e+02, 1.23041064e+03, 5.49544739e+02,
    1.24356506e+03, 5.56287231e+02, 1.16322119e+03, 5.38269592e+02,
    1180., 5.47500000e+02, 1.20022729e+03, 5.58047546e+02,
    1.21481555e+03, 5.65608032e+02, 1.23967712e+03, 5.79242615e+02 ]
