%YAML:1.0
---
points: [ 6.72143494e+02, 4.82471375e+02, 7.00180054e+02, 4.83097382e+02,
    7.27276428e+02, 4.83562012e+02, 7.53867981e+02, 4.84020111e+02,
    7.80239807e+02, 4.84665070e+02, 6.71965637e+02, 5.09331665e+02,
    7.00094604e+02, 5.09592834e+02, 7.27133240e+02, 5.09985840e+02,
    7.53692871e+02, 5.10337463e+02, 7.80060547e+02, 5.10583252e+02,
    6.71916626e+02, 5.36088440e+02, 6.99818237e+02, 5.36156311e+02,
    7.26965332e+02, 5.36267334e+02, 7.53629883e+02, 5.36340576e+02,
    7.79984680e+02, 5.36424438e+02, 6.71653381e+02, 5.62702942e+02,
    6.99660645e+02, 5.62588684e+02, 7.26772156e+02, 5.62478027e+02,
    7.53478943e+02, 5.62344482e+02, 7.79838074e+02, 5.62241089e+02,
    6.71528320e+02, 5.89562561e+02, 6.99466125e+02, 5.89287109e+02,
    7.26631409e+02, 5.88745422e+02, 7.53343933e+02, 5.88435974e+02,
    7.79641541e+02, 5.88026550e+02, 6.71400757e+02, 6.16419006e+02,
    6.99259033e+02, 6.15785339e+02, 7.26483582e+02, 6.15089844e+02,
    7.53173828e+02, 6.14488037e+02, 7.79409302e+02, 6.13802795e+02,
    6.70904480e+02, 6.43294800e+02, 6.99046814e+02, 6.42342468e+02,
    7.26190979e+02, 6.41441040e+02, 7.52808655e+02, 6.40565125e+02,
    7.79312195e+02, 6.39759216e+02 ]
