%YAML:1.0
---
points: [ 2.93138367e+02, 1.48623566e+02, 2.99564117e+02, 1.51929138e+02,
    3.06041626e+02, 1.54946213e+02, 3.12719147e+02, 1.58210983e+02,
    3.19357178e+02, 1.61269547e+02, 2.89472504e+02, 1.55277847e+02,
    2.95991180e+02, 1.58406723e+02, 3.02469849e+02, 1.61693893e+02,
    3.09121368e+02, 1.65148743e+02, 3.16171234e+02, 1.68291199e+02,
    2.86509644e+02, 1.62241089e+02, 2.92744629e+02, 1.65187164e+02,
    2.99157318e+02, 1.68443298e+02, 3.05680176e+02, 1.71310791e+02,
    3.12417053e+02, 1.74886673e+02, 2.83015991e+02, 1.68386566e+02,
    2.89224670e+02, 1.72145554e+02, 2.95757812e+02, 1.74833939e+02,
    3.01988586e+02, 1.78198807e+02, 3.09472778e+02, 1.82568604e+02,
    2.79859222e+02, 1.75367950e+02, 2.86077148e+02, 1.78220062e+02,
    2.91898438e+02, 1.81646851e+02, 2.98991608e+02, 1.85250046e+02,
    3.05919495e+02, 1.88322006e+02, 2.76257416e+02, 1.81824707e+02,
    2.82530365e+02, 1.85352081e+02, 2.88686584e+02, 1.88137161e+02,
    2.95464081e+02, 1.91374695e+02, 3.02222534e+02, 1.94988754e+02,
    2.73434479e+02, 1.88144379e+02, 2.79270447e+02, 1.91167740e+02,
    2.85835754e+02, 1.94947281e+02, 2.92600128e+02, 1.97870514e+02,
    2.98770386e+02, 2.00865082e+02 ]
