%YAML:1.0
---
points: [ 3.99692078e+02, 1.37553589e+02, 4.24570221e+02, 1.39395401e+02,
    4.49791809e+02, 1.41189667e+02, 4.75198151e+02, 1.43468964e+02,
    5.00452698e+02, 1.45708755e+02, 3.96192200e+02, 1.60841217e+02,
    4.21049011e+02, 1.62750031e+02, 4.46083679e+02, 1.65148529e+02,
    4.71406219e+02, 1.67433212e+02, 4.96729767e+02, 1.70135529e+02,
    3.92926514e+02, 1.83450195e+02, 4.17417145e+02, 1.86033783e+02,
    4.42430969e+02, 1.88461304e+02, 4.67537598e+02, 1.91260880e+02,
    4.92911774e+02, 1.94041061e+02, 3.89711243e+02, 2.05608353e+02,
    4.14002167e+02, 2.08452988e+02, 4.38647888e+02, 2.11536575e+02,
    4.63642975e+02, 2.14451080e+02, 4.88635162e+02, 2.17668182e+02,
    3.86615204e+02, 2.27396469e+02, 4.10517548e+02, 2.30786575e+02,
    4.34912079e+02, 2.34109283e+02, 4.59545441e+02, 2.37304214e+02,
    4.84390656e+02, 2.40450684e+02, 3.83447968e+02, 2.48742706e+02,
    4.07130310e+02, 2.52290955e+02, 4.31205994e+02, 2.55954483e+02,
    4.55518951e+02, 2.59392151e+02, 4.80043610e+02, 2.62962433e+02,
    3.80470428e+02, 2.69740875e+02, 4.03801147e+02, 2.73837433e+02,
    4.27513306e+02, 2.77531677e+02, 4.51488739e+02, 2.81331238e+02,
    4.75690277e+02, 2.85081207e+02 ]
