%YAML:1.0
---
points: [ 1.07147510e+03, 3.60383911e+02, 1.09048743e+03, 3.69681458e+02,
    1.10953516e+03, 3.79029388e+02, 1.12870349e+03, 3.88463257e+02,
    1.14820471e+03, 3.97848083e+02, 1.06177502e+03, 3.79869690e+02,
    1.08066968e+03, 3.89221619e+02, 1.09962305e+03, 3.98646851e+02,
    1.11878430e+03, 4.07981781e+02, 1.13816370e+03, 4.17571381e+02,
    1.05215845e+03, 3.99278961e+02, 1.07103931e+03, 4.08586334e+02,
    1.08989612e+03, 4.17856567e+02, 1.10902563e+03, 4.27471649e+02,
    1.12824792e+03, 4.36992584e+02, 1.04266125e+03, 4.18404297e+02,
    1.06147388e+03, 4.27711548e+02, 1.08019263e+03, 4.37310699e+02,
    1.09920251e+03, 4.46737579e+02, 1.11838135e+03, 4.56441406e+02,
    1.03319434e+03, 4.37460297e+02, 1.05180029e+03, 4.47000977e+02,
    1.07055066e+03, 4.56480774e+02, 1.08940454e+03, 4.66112244e+02,
    1.10856018e+03, 4.75645477e+02, 1.02364752e+03, 4.56546387e+02,
    1.04234937e+03, 4.66083679e+02, 1.06103857e+03, 4.75544342e+02,
    1.07970850e+03, 4.85186493e+02, 1.09876721e+03, 4.94797882e+02,
    1.01435388e+03, 4.75458893e+02, 1.03271411e+03, 4.85004913e+02,
    1.05141895e+03, 4.94587646e+02, 1.07013525e+03, 5.04331757e+02,
    1.08912097e+03, 5.13999512e+02 ]
