%YAML:1.0
---
points: [ 2.13227432e+02, 1.22679108e+02, 2.33752472e+02, 1.24371216e+02,
    2.53811691e+02, 1.25965729e+02, 2.73443176e+02, 1.27458199e+02,
    2.92597473e+02, 1.28937332e+02, 2.12282257e+02, 1.43962021e+02,
    2.32678894e+02, 1.45341217e+02, 2.52616348e+02, 1.46661316e+02,
    2.71901123e+02, 1.47983139e+02, 2.90904694e+02, 1.49306915e+02,
    2.11349686e+02, 1.64638702e+02, 2.31676193e+02, 1.65785309e+02,
    2.51274734e+02, 1.66832016e+02, 2.70521515e+02, 1.68007080e+02,
    2.89347931e+02, 1.68982880e+02, 2.10467133e+02, 1.84781952e+02,
    2.30484344e+02, 1.85756760e+02, 2.49862869e+02, 1.86664886e+02,
    2.69066284e+02, 1.87620331e+02, 2.87816040e+02, 1.88407608e+02,
    2.09465729e+02, 2.04711304e+02, 2.29503815e+02, 2.05497574e+02,
    2.48682297e+02, 2.06130081e+02, 2.67628662e+02, 2.06805618e+02,
    2.86207947e+02, 2.07494385e+02, 2.08576355e+02, 2.24276642e+02,
    2.28359940e+02, 2.24804977e+02, 2.47476807e+02, 2.25252869e+02,
    2.66202148e+02, 2.25719925e+02, 2.84625183e+02, 2.26126648e+02,
    2.07493073e+02, 2.43624893e+02, 2.27179749e+02, 2.43935364e+02,
    2.46225662e+02, 2.44134476e+02, 2.64769806e+02, 2.44329117e+02,
    2.83185181e+02, 2.44656509e+02 ]
