%YAML:1.0
---
points: [ 8.16152405e+02, 2.85965607e+02, 8.38036926e+02, 2.85990173e+02,
    8.60557678e+02, 2.86239532e+02, 8.82506470e+02, 2.86251068e+02,
    9.05294006e+02, 2.86590302e+02, 8.16306213e+02, 3.08707062e+02,
    8.38793152e+02, 3.08976501e+02, 8.60551147e+02, 3.09037201e+02,
    8.83263000e+02, 3.09412262e+02, 9.05143738e+02, 3.09409790e+02,
    8.17138916e+02, 3.31635590e+02, 8.38795654e+02, 3.31653198e+02,
    8.61285217e+02, 3.31952454e+02, 8.83029602e+02, 3.31896515e+02,
    9.05656067e+02, 3.32361633e+02, 8.17196716e+02, 3.53945496e+02,
    8.39593323e+02, 3.54367157e+02, 8.61144226e+02, 3.54336395e+02,
    8.83820312e+02, 3.54738037e+02, 9.05499695e+02, 3.54731689e+02,
    8.17976746e+02, 3.76658630e+02, 8.39558960e+02, 3.76565277e+02,
    8.61953125e+02, 3.76938812e+02, 8.83567505e+02, 3.76876617e+02,
    9.06086792e+02, 3.77298676e+02, 8.18130310e+02, 3.98657684e+02,
    8.40453369e+02, 3.98935120e+02, 8.61937195e+02, 3.98861572e+02,
    8.84358459e+02, 3.99460785e+02, 9.05896240e+02, 3.99359650e+02,
    8.18913513e+02, 4.20983215e+02, 8.40418335e+02, 4.20931702e+02,
    8.62590637e+02, 4.21321594e+02, 8.84231750e+02, 4.21352966e+02,
    9.06441772e+02, 4.21752441e+02 ]
