%YAML:1.0
---
points: [ 2.02836456e+02, 1.25975220e+02, 2.10677780e+02, 1.26009995e+02,
    2.18244308e+02, 1.26176414e+02, 2.25766388e+02, 1.26231956e+02,
    2.33667007e+02, 1.26275620e+02, 2.02932098e+02, 1.33832443e+02,
    2.10726974e+02, 1.33915146e+02, 2.18286896e+02, 1.33885117e+02,
    2.25774719e+02, 1.34190720e+02, 2.33618469e+02, 1.34231873e+02,
    2.03134048e+02, 1.41737732e+02, 2.10760452e+02, 1.41746902e+02,
    2.18492218e+02, 1.41830200e+02, 2.25810349e+02, 1.41762558e+02,
    2.33633789e+02, 1.41822449e+02, 2.03318192e+02, 1.49587524e+02,
    2.10814957e+02, 1.49680161e+02, 2.18553284e+02, 1.49604523e+02,
    2.25980728e+02, 1.49674713e+02, 2.34585831e+02, 1.50084778e+02,
    2.03558289e+02, 1.57169678e+02, 2.10912521e+02, 1.57136337e+02,
    2.18635712e+02, 1.57408615e+02, 2.25827408e+02, 1.57510742e+02,
    2.34413925e+02, 1.57227203e+02, 2.03665390e+02, 1.64754181e+02,
    2.10981766e+02, 1.64862411e+02, 2.18695343e+02, 1.64785263e+02,
    2.25997543e+02, 1.64786285e+02, 2.33476242e+02, 1.65940262e+02,
    2.03738419e+02, 1.72445221e+02, 2.11126633e+02, 1.72520584e+02,
    2.18654266e+02, 1.72635147e+02, 2.26151382e+02, 1.72607681e+02,
    2.33750366e+02, 1.72322601e+02 ]
