%YAML:1.0
---
points: [ 7.15815491e+02, 4.83507690e+02, 7.43156250e+02, 4.83972534e+02,
    7.69806885e+02, 4.84621338e+02, 7.96156738e+02, 4.85229523e+02,
    8.21833923e+02, 4.85708771e+02, 7.15600464e+02, 5.10125031e+02,
    7.42896484e+02, 5.10555695e+02, 7.69586121e+02, 5.10890320e+02,
    7.95774292e+02, 5.11257904e+02, 8.21727295e+02, 5.11595337e+02,
    7.15384033e+02, 5.36772644e+02, 7.42742615e+02, 5.36875793e+02,
    7.69456116e+02, 5.37099670e+02, 7.95647888e+02, 5.37261414e+02,
    8.21569946e+02, 5.37351868e+02, 7.15241089e+02, 5.63339905e+02,
    7.42511597e+02, 5.63298035e+02, 7.69325317e+02, 5.63186707e+02,
    7.95501465e+02, 5.62939026e+02, 8.21506592e+02, 5.62906982e+02,
    7.14882507e+02, 5.90003479e+02, 7.42365906e+02, 5.89618286e+02,
    7.69020630e+02, 5.89285583e+02, 7.95291077e+02, 5.89022827e+02,
    8.21175049e+02, 5.88668457e+02, 7.14614746e+02, 6.16587708e+02,
    7.42088745e+02, 6.16070435e+02, 7.68676331e+02, 6.15465820e+02,
    7.94919189e+02, 6.14916748e+02, 8.20921448e+02, 6.14422546e+02,
    7.14320251e+02, 6.43296570e+02, 7.41697754e+02, 6.42595886e+02,
    7.68461670e+02, 6.41665710e+02, 7.94584167e+02, 6.40967896e+02,
    8.20640015e+02, 6.40148499e+02 ]
