%YAML:1.0
---
points: [ 1.06883325e+03, 4.31967957e+02, 1.04569421e+03, 4.31259003e+02,
    1.02305084e+03, 4.30611023e+02, 1.00070337e+03, 4.30113892e+02,
    9.78449585e+02, 4.29465179e+02, 1.06940271e+03, 4.08511810e+02,
    1.04625562e+03, 4.08133606e+02, 1.02349939e+03, 4.07579376e+02,
    1.00109082e+03, 4.07096436e+02, 9.78720276e+02, 4.06555328e+02,
    1.06980310e+03, 3.85223541e+02, 1.04669946e+03, 3.84758270e+02,
    1.02391571e+03, 3.84335602e+02, 1.00141290e+03, 3.83868134e+02,
    9.79030701e+02, 3.83405914e+02, 1.07036584e+03, 3.61420563e+02,
    1.04725293e+03, 3.61155426e+02, 1.02434546e+03, 3.60779297e+02,
    1.00168677e+03, 3.60525665e+02, 9.79369873e+02, 3.60170135e+02,
    1.07091125e+03, 3.37699921e+02, 1.04767090e+03, 3.37546265e+02,
    1.02472290e+03, 3.37353271e+02, 1.00212140e+03, 3.37080994e+02,
    9.79543396e+02, 3.36787628e+02, 1.07149915e+03, 3.13609741e+02,
    1.04828955e+03, 3.13542084e+02, 1.02530786e+03, 3.13488647e+02,
    1.00237250e+03, 3.13400726e+02, 9.79677368e+02, 3.13312012e+02,
    1.07204456e+03, 2.89447388e+02, 1.04865833e+03, 2.89446014e+02,
    1.02571582e+03, 2.89388947e+02, 1.00261578e+03, 2.89432068e+02,
    9.80023254e+02, 2.89446960e+02 ]
