%YAML:1.0
---
points: [ 7.60059570e+02, 4.83430206e+02, 7.86937805e+02, 4.83906769e+02,
    8.13184631e+02, 4.84483887e+02, 8.39151245e+02, 4.85024078e+02,
    8.64629272e+02, 4.85572052e+02, 7.59855713e+02, 5.10093994e+02,
    7.86786499e+02, 5.10455505e+02, 8.13055664e+02, 5.10685852e+02,
    8.38912476e+02, 5.11072479e+02, 8.64588501e+02, 5.11355927e+02,
    7.59726318e+02, 5.36586792e+02, 7.86619873e+02, 5.36650208e+02,
    8.12914978e+02, 5.36768066e+02, 8.38801819e+02, 5.36916626e+02,
    8.64437683e+02, 5.37055542e+02, 7.59561035e+02, 5.63074585e+02,
    7.86490051e+02, 5.62869263e+02, 8.12692444e+02, 5.62845581e+02,
    8.38684631e+02, 5.62735291e+02, 8.64383606e+02, 5.62599365e+02,
    7.59384888e+02, 5.89649963e+02, 7.86347107e+02, 5.89426514e+02,
    8.12588684e+02, 5.88966431e+02, 8.38505981e+02, 5.88662598e+02,
    8.64036316e+02, 5.88346191e+02, 7.59192749e+02, 6.16322449e+02,
    7.86078430e+02, 6.15709290e+02, 8.12446167e+02, 6.15116211e+02,
    8.38258423e+02, 6.14522461e+02, 8.63828552e+02, 6.14139465e+02,
    7.58890503e+02, 6.42899109e+02, 7.85930542e+02, 6.42076111e+02,
    8.12195984e+02, 6.41245544e+02, 8.38045837e+02, 6.40430969e+02,
    8.63640930e+02, 6.39766296e+02 ]
