%YAML:1.0
---
points: [ 2.62653748e+02, 1.24289963e+02, 2.70646576e+02, 1.24223465e+02,
    2.78536835e+02, 1.24187195e+02, 2.86574982e+02, 1.24120461e+02,
    2.94685150e+02, 1.24073372e+02, 2.62515533e+02, 1.32618851e+02,
    2.70422943e+02, 1.32680710e+02, 2.78147369e+02, 1.32634384e+02,
    2.86229889e+02, 1.32675507e+02, 2.94269989e+02, 1.32637665e+02,
    2.62337250e+02, 1.40735062e+02, 2.70006653e+02, 1.40716782e+02,
    2.77884644e+02, 1.40762695e+02, 2.85836823e+02, 1.40769867e+02,
    2.93889771e+02, 1.40844376e+02, 2.62023010e+02, 1.48769272e+02,
    2.69856720e+02, 1.48857681e+02, 2.77739258e+02, 1.48826248e+02,
    2.85767944e+02, 1.48936783e+02, 2.93860626e+02, 1.48856293e+02,
    2.61898682e+02, 1.56739807e+02, 2.69769135e+02, 1.56799637e+02,
    2.77715302e+02, 1.56893753e+02, 2.85631622e+02, 1.57006561e+02,
    2.93820099e+02, 1.57348953e+02, 2.61841187e+02, 1.64764633e+02,
    2.69698578e+02, 1.64839523e+02, 2.77579376e+02, 1.64912430e+02,
    2.85370148e+02, 1.65107239e+02, 2.93301544e+02, 1.65390411e+02,
    2.61753265e+02, 1.72665161e+02, 2.69643158e+02, 1.72754501e+02,
    2.77233490e+02, 1.72903854e+02, 2.85031616e+02, 1.73168518e+02,
    2.93010895e+02, 1.73564011e+02 ]
