%YAML:1.0
---
points: [ 2.03956558e+02, 1.21803749e+02, 2.24633499e+02, 1.23620300e+02,
    2.44264587e+02, 1.25178238e+02, 2.63566711e+02, 1.26684067e+02,
    2.82272980e+02, 1.28181656e+02, 2.03214981e+02, 1.43010757e+02,
    2.23572617e+02, 1.44340515e+02, 2.42993698e+02, 1.45607483e+02,
    2.62159424e+02, 1.46880493e+02, 2.80795288e+02, 1.48166138e+02,
    2.02454239e+02, 1.63502655e+02, 2.22650909e+02, 1.64606567e+02,
    2.41942062e+02, 1.65640625e+02, 2.60802155e+02, 1.66603989e+02,
    2.79408142e+02, 1.67605896e+02, 2.01640640e+02, 1.83503555e+02,
    2.21572937e+02, 1.84424057e+02, 2.40820801e+02, 1.85174438e+02,
    2.59618103e+02, 1.85910797e+02, 2.78020294e+02, 1.86661697e+02,
    2.00764938e+02, 2.03230316e+02, 2.20634384e+02, 2.03839874e+02,
    2.39664230e+02, 2.04447479e+02, 2.58348785e+02, 2.04891083e+02,
    2.76515350e+02, 2.05432190e+02, 1.99958145e+02, 2.22709991e+02,
    2.19629807e+02, 2.22958755e+02, 2.38592545e+02, 2.23297714e+02,
    2.57014801e+02, 2.23621292e+02, 2.75108704e+02, 2.23821014e+02,
    1.99164017e+02, 2.41807861e+02, 2.18644440e+02, 2.41915802e+02,
    2.37472778e+02, 2.41908768e+02, 2.55743713e+02, 2.41933273e+02,
    2.73743622e+02, 2.41983032e+02 ]
