%YAML:1.0
---
points: [ 2.83336975e+02, 1.24703064e+02, 2.91459076e+02, 1.24671196e+02,
    2.99671875e+02, 1.24639793e+02, 3.07750732e+02, 1.24541756e+02,
    3.16152618e+02, 1.24514870e+02, 2.82942444e+02, 1.32897415e+02,
    2.91058136e+02, 1.32925629e+02, 2.99196808e+02, 1.32872406e+02,
    3.07524353e+02, 1.32946747e+02, 3.15753601e+02, 1.32813797e+02,
    2.82783386e+02, 1.41370560e+02, 2.90793518e+02, 1.41413055e+02,
    2.98796692e+02, 1.41487503e+02, 3.06954224e+02, 1.41576859e+02,
    3.15509460e+02, 1.41587219e+02, 2.82714966e+02, 1.49533707e+02,
    2.90617004e+02, 1.49692322e+02, 2.98698822e+02, 1.49688950e+02,
    3.06765869e+02, 1.49789978e+02, 3.14941528e+02, 1.49736389e+02,
    2.82527069e+02, 1.57695435e+02, 2.90340424e+02, 1.57717041e+02,
    2.98285522e+02, 1.57828995e+02, 3.06525757e+02, 1.57955124e+02,
    3.14728821e+02, 1.58300369e+02, 2.82093903e+02, 1.65730362e+02,
    2.89884949e+02, 1.65838989e+02, 2.97911896e+02, 1.66012207e+02,
    3.06047852e+02, 1.66327347e+02, 3.14335419e+02, 1.66619217e+02,
    2.81821808e+02, 1.73693573e+02, 2.89798004e+02, 1.73836884e+02,
    2.97735687e+02, 1.74226151e+02, 3.05795044e+02, 1.74597458e+02,
    3.14000336e+02, 1.74803619e+02 ]
