%YAML:1.0
---
points: [ 1.03957446e+03, 2.90736298e+02, 1.06275610e+03, 2.90681488e+02,
    1.08611121e+03, 2.90608368e+02, 1.10965417e+03, 2.90554260e+02,
    1.13363477e+03, 2.90469543e+02, 1.03916797e+03, 3.14862915e+02,
    1.06208484e+03, 3.14964264e+02, 1.08543127e+03, 3.15047821e+02,
    1.10877991e+03, 3.15123749e+02, 1.13273413e+03, 3.15220001e+02,
    1.03852356e+03, 3.38780701e+02, 1.06145532e+03, 3.39060852e+02,
    1.08468286e+03, 3.39335114e+02, 1.10804480e+03, 3.39463959e+02,
    1.13191687e+03, 3.39639496e+02, 1.03815869e+03, 3.62428925e+02,
    1.06087317e+03, 3.62718903e+02, 1.08386060e+03, 3.63167847e+02,
    1.10723730e+03, 3.63625610e+02, 1.13102490e+03, 3.64105804e+02,
    1.03759290e+03, 3.86211517e+02, 1.06029382e+03, 3.86623718e+02,
    1.08323376e+03, 3.87202179e+02, 1.10655408e+03, 3.87619568e+02,
    1.13006470e+03, 3.88153870e+02, 1.03715283e+03, 4.09402863e+02,
    1.05970215e+03, 4.10104492e+02, 1.08257373e+03, 4.10878265e+02,
    1.10587354e+03, 4.11498413e+02, 1.12930469e+03, 4.12115967e+02,
    1.03657202e+03, 4.32786926e+02, 1.05918628e+03, 4.33606445e+02,
    1.08185950e+03, 4.34363953e+02, 1.10516858e+03, 4.35108826e+02,
    1.12847900e+03, 4.35883881e+02 ]
