%YAML:1.0
---
points: [ 1.76741394e+02, 1.19739517e+02, 1.97250443e+02, 1.21492081e+02,
    2.16669464e+02, 1.23076698e+02, 2.35530624e+02, 1.24598862e+02,
    2.53575897e+02, 1.26048676e+02, 1.76512787e+02, 1.40728149e+02,
    1.96663773e+02, 1.41890961e+02, 2.15910965e+02, 1.43205826e+02,
    2.34588196e+02, 1.44324493e+02, 2.52594299e+02, 1.45390091e+02,
    1.75447357e+02, 1.61248047e+02, 1.96183990e+02, 1.61947556e+02,
    2.15384842e+02, 1.62766830e+02, 2.33741821e+02, 1.63577042e+02,
    2.51592499e+02, 1.64332245e+02, 1.75642151e+02, 1.80913361e+02,
    1.95579193e+02, 1.81606094e+02, 2.14632950e+02, 1.81983368e+02,
    2.32891342e+02, 1.82524902e+02, 2.50657623e+02, 1.82831116e+02,
    1.75320740e+02, 2.00676773e+02, 1.95004410e+02, 2.00793869e+02,
    2.13825836e+02, 2.00841476e+02, 2.31980942e+02, 2.00943298e+02,
    2.49561676e+02, 2.01008408e+02, 1.74727615e+02, 2.19842773e+02,
    1.94456299e+02, 2.19729340e+02, 2.13106384e+02, 2.19512894e+02,
    2.31095001e+02, 2.19191315e+02, 2.48511856e+02, 2.18932098e+02,
    1.74367416e+02, 2.38865082e+02, 1.93738388e+02, 2.38442352e+02,
    2.12367798e+02, 2.37802338e+02, 2.30183838e+02, 2.37182968e+02,
    2.47540619e+02, 2.36676147e+02 ]
