%YAML:1.0
---
points: [ 6.66456116e+02, 4.82908600e+02, 6.94330261e+02, 4.83578979e+02,
    7.21357971e+02, 4.84169250e+02, 7.47691895e+02, 4.84811127e+02,
    7.73638611e+02, 4.85408081e+02, 6.66328369e+02, 5.09948364e+02,
    6.94179810e+02, 5.10351288e+02, 7.21240540e+02, 5.10596222e+02,
    7.47601501e+02, 5.10917938e+02, 7.73559998e+02, 5.11277039e+02,
    6.66214172e+02, 5.36922852e+02, 6.94076721e+02, 5.36955017e+02,
    7.21129944e+02, 5.36986389e+02, 7.47598877e+02, 5.36988403e+02,
    7.73503723e+02, 5.37062805e+02, 6.66008789e+02, 5.63757690e+02,
    6.93909058e+02, 5.63506714e+02, 7.20976074e+02, 5.63243408e+02,
    7.47423401e+02, 5.62866882e+02, 7.73426147e+02, 5.62610291e+02,
    6.65843445e+02, 5.90776733e+02, 6.93804504e+02, 5.90209656e+02,
    7.20798523e+02, 5.89645142e+02, 7.47252563e+02, 5.89076355e+02,
    7.73121216e+02, 5.88467834e+02, 6.65636353e+02, 6.17660156e+02,
    6.93569702e+02, 6.16794373e+02, 7.20505066e+02, 6.15924744e+02,
    7.46923401e+02, 6.15075256e+02, 7.72835327e+02, 6.14306458e+02,
    6.65409119e+02, 6.44576111e+02, 6.93342651e+02, 6.43542297e+02,
    7.20295837e+02, 6.42378418e+02, 7.46679871e+02, 6.41193665e+02,
    7.72609497e+02, 6.40107971e+02 ]
