%YAML:1.0
---
points: [ 2.08914246e+02, 1.25062553e+02, 2.28336090e+02, 1.26491814e+02,
    2.47049820e+02, 1.27705200e+02, 2.65490295e+02, 1.29002502e+02,
    2.83444519e+02, 1.30126770e+02, 2.08392090e+02, 1.45058365e+02,
    2.27595673e+02, 1.46013290e+02, 2.46077545e+02, 1.47153198e+02,
    2.64322876e+02, 1.48167297e+02, 2.82200836e+02, 1.49147171e+02,
    2.07688522e+02, 1.64296371e+02, 2.26761963e+02, 1.65298889e+02,
    2.45258926e+02, 1.66052109e+02, 2.63309052e+02, 1.66859024e+02,
    2.81102570e+02, 1.67663605e+02, 2.07117706e+02, 1.83269836e+02,
    2.26040405e+02, 1.83956650e+02, 2.44366669e+02, 1.84672882e+02,
    2.62271210e+02, 1.85287338e+02, 2.79880005e+02, 1.85876190e+02,
    2.06524445e+02, 2.01925003e+02, 2.25283142e+02, 2.02551239e+02,
    2.43411209e+02, 2.02931625e+02, 2.61173401e+02, 2.03396973e+02,
    2.78631775e+02, 2.03764404e+02, 2.05808792e+02, 2.20408295e+02,
    2.24477615e+02, 2.20737167e+02, 2.42506439e+02, 2.20926941e+02,
    2.60141998e+02, 2.21175095e+02, 2.77457184e+02, 2.21402771e+02,
    2.05229980e+02, 2.38592209e+02, 2.23657074e+02, 2.38724731e+02,
    2.41544449e+02, 2.38755356e+02, 2.59049805e+02, 2.38802994e+02,
    2.76303528e+02, 2.38794266e+02 ]
