%YAML:1.0
---
points: [ 1.08439929e+03, 4.40542328e+02, 1.06054590e+03, 4.39855408e+02,
    1.03722339e+03, 4.39118805e+02, 1.01412396e+03, 4.38363983e+02,
    9.91218750e+02, 4.37576111e+02, 1.08504065e+03, 4.16420044e+02,
    1.06112268e+03, 4.15694000e+02, 1.03770325e+03, 4.15016449e+02,
    1.01448328e+03, 4.14394928e+02, 9.91544983e+02, 4.13762573e+02,
    1.08558484e+03, 3.91953644e+02, 1.06163074e+03, 3.91541687e+02,
    1.03819922e+03, 3.91112976e+02, 1.01484222e+03, 3.90560028e+02,
    9.91890381e+02, 3.90040833e+02, 1.08630469e+03, 3.67376160e+02,
    1.06222498e+03, 3.67102264e+02, 1.03860095e+03, 3.66599060e+02,
    1.01536072e+03, 3.66357971e+02, 9.92239380e+02, 3.65944794e+02,
    1.08686621e+03, 3.42777405e+02, 1.06286023e+03, 3.42581635e+02,
    1.03915955e+03, 3.42343903e+02, 1.01578595e+03, 3.42092102e+02,
    9.92527344e+02, 3.41735626e+02, 1.08758618e+03, 3.17841614e+02,
    1.06358582e+03, 3.17727203e+02, 1.03965686e+03, 3.17735626e+02,
    1.01633234e+03, 3.17632599e+02, 9.92805786e+02, 3.17567657e+02,
    1.08835522e+03, 2.92601410e+02, 1.06424915e+03, 2.92663971e+02,
    1.04019165e+03, 2.92656097e+02, 1.01664032e+03, 2.92674500e+02,
    9.93173706e+02, 2.92770477e+02 ]
