%YAML:1.0
---
points: [ 8.56585938e+02, 4.84789642e+02, 8.82472229e+02, 4.85266968e+02,
    9.07755676e+02, 4.85732452e+02, 9.32752014e+02, 4.86281311e+02,
    9.57570251e+02, 4.86619324e+02, 8.56425598e+02, 5.11032501e+02,
    8.82284668e+02, 5.11348663e+02, 9.07584778e+02, 5.11637085e+02,
    9.32601257e+02, 5.11830658e+02, 9.57438232e+02, 5.12188110e+02,
    8.56220825e+02, 5.37033630e+02, 8.82093872e+02, 5.37293640e+02,
    9.07460938e+02, 5.37409302e+02, 9.32525818e+02, 5.37518250e+02,
    9.57354492e+02, 5.37561584e+02, 8.55836914e+02, 5.63021545e+02,
    8.81912842e+02, 5.63074585e+02, 9.07354309e+02, 5.62984619e+02,
    9.32447998e+02, 5.62809326e+02, 9.57185852e+02, 5.62819580e+02,
    8.55714050e+02, 5.89208923e+02, 8.81662598e+02, 5.88914551e+02,
    9.07095947e+02, 5.88716492e+02, 9.32250732e+02, 5.88471375e+02,
    9.56911011e+02, 5.88228638e+02, 8.55473633e+02, 6.15255249e+02,
    8.81471558e+02, 6.14815308e+02, 9.06778137e+02, 6.14446594e+02,
    9.31866699e+02, 6.13980957e+02, 9.56530396e+02, 6.13604370e+02,
    8.55296875e+02, 6.41356262e+02, 8.81263611e+02, 6.40866028e+02,
    9.06634277e+02, 6.40267029e+02, 9.31595825e+02, 6.39660645e+02,
    9.56265259e+02, 6.39042847e+02 ]
