%YAML:1.0
---
points: [ 2.67669586e+02, 1.25524414e+02, 2.75735931e+02, 1.25397820e+02,
    2.83829193e+02, 1.25376534e+02, 2.92287231e+02, 1.25281990e+02,
    3.00725525e+02, 1.25177193e+02, 2.67592468e+02, 1.33796494e+02,
    2.75677338e+02, 1.33861984e+02, 2.83735626e+02, 1.33845642e+02,
    2.91859711e+02, 1.33860962e+02, 3.00550385e+02, 1.33787430e+02,
    2.67263702e+02, 1.42386887e+02, 2.75389587e+02, 1.42462189e+02,
    2.83618256e+02, 1.42568588e+02, 2.91706421e+02, 1.42621796e+02,
    2.99989838e+02, 1.42688232e+02, 2.66992554e+02, 1.50711761e+02,
    2.75113586e+02, 1.50824097e+02, 2.83288391e+02, 1.50805740e+02,
    2.91617340e+02, 1.50860748e+02, 2.99780914e+02, 1.50950333e+02,
    2.66827209e+02, 1.58900879e+02, 2.74883270e+02, 1.59022522e+02,
    2.82878571e+02, 1.59311600e+02, 2.91146942e+02, 1.59526718e+02,
    2.99669678e+02, 1.59717102e+02, 2.66778351e+02, 1.67176407e+02,
    2.74707214e+02, 1.67567596e+02, 2.82771698e+02, 1.67677963e+02,
    2.90889130e+02, 1.67755585e+02, 2.99219757e+02, 1.67858566e+02,
    2.66714355e+02, 1.75460556e+02, 2.74650940e+02, 1.75695724e+02,
    2.82679169e+02, 1.75804474e+02, 2.90723755e+02, 1.75960663e+02,
    2.98885193e+02, 1.76435730e+02 ]
