%YAML:1.0
---
points: [ 3.02932678e+02, 1.77046417e+02, 2.94655518e+02, 1.76757294e+02,
    2.86309387e+02, 1.76644897e+02, 2.77984436e+02, 1.76279053e+02,
    2.69871155e+02, 1.75893173e+02, 3.03353943e+02, 1.68579041e+02,
    2.94813019e+02, 1.68382187e+02, 2.86681427e+02, 1.67997650e+02,
    2.78392578e+02, 1.67824158e+02, 2.70176575e+02, 1.67684387e+02,
    3.03710114e+02, 1.59909515e+02, 2.95072937e+02, 1.59765518e+02,
    2.86767029e+02, 1.59659210e+02, 2.78651062e+02, 1.59543533e+02,
    2.70496552e+02, 1.59290680e+02, 3.03883423e+02, 1.51191208e+02,
    2.95576172e+02, 1.51088684e+02, 2.86906982e+02, 1.50906601e+02,
    2.78774933e+02, 1.50828262e+02, 2.70680847e+02, 1.50776428e+02,
    3.04330017e+02, 1.42600616e+02, 2.95719604e+02, 1.42524963e+02,
    2.87362427e+02, 1.42460846e+02, 2.78888458e+02, 1.42368408e+02,
    2.70761444e+02, 1.42350769e+02, 3.04693176e+02, 1.33652435e+02,
    2.95874817e+02, 1.33708176e+02, 2.87642975e+02, 1.33649277e+02,
    2.79258270e+02, 1.33701584e+02, 2.70829437e+02, 1.33700592e+02,
    3.04880219e+02, 1.24742142e+02, 2.96455780e+02, 1.24730446e+02,
    2.87775116e+02, 1.24817291e+02, 2.79579315e+02, 1.24815430e+02,
    2.71106873e+02, 1.24822357e+02 ]
