%YAML:1.0
---
points: [ 8.49985657e+02, 4.83509491e+02, 8.75716309e+02, 4.83935425e+02,
    9.01109375e+02, 4.84481995e+02, 9.25739685e+02, 4.84947998e+02,
    9.50137024e+02, 4.85421295e+02, 8.49748047e+02, 5.09880798e+02,
    8.75655029e+02, 5.10274933e+02, 9.00931641e+02, 5.10417603e+02,
    9.25668457e+02, 5.10672394e+02, 9.50145691e+02, 5.10891663e+02,
    8.49709534e+02, 5.36199768e+02, 8.75651611e+02, 5.36209290e+02,
    9.00913330e+02, 5.36293152e+02, 9.25657654e+02, 5.36316772e+02,
    9.50094238e+02, 5.36282776e+02, 8.49614502e+02, 5.62396179e+02,
    8.75517944e+02, 5.62309509e+02, 9.00806580e+02, 5.62141174e+02,
    9.25535767e+02, 5.61829651e+02, 9.49945801e+02, 5.61598938e+02,
    8.49470764e+02, 5.88660400e+02, 8.75487793e+02, 5.88304382e+02,
    9.00601135e+02, 5.87914978e+02, 9.25374207e+02, 5.87574707e+02,
    9.49716064e+02, 5.87241699e+02, 8.49408020e+02, 6.14912598e+02,
    8.75345276e+02, 6.14350647e+02, 9.00488098e+02, 6.13780518e+02,
    9.25166748e+02, 6.13172852e+02, 9.49510315e+02, 6.12577637e+02,
    8.49239746e+02, 6.41231140e+02, 8.75214233e+02, 6.40498291e+02,
    9.00360046e+02, 6.39718445e+02, 9.24958008e+02, 6.38890442e+02,
    9.49444031e+02, 6.38144531e+02 ]
