%YAML:1.0
---
points: [ 1.09536682e+03, 4.44961670e+02, 1.07109363e+03, 4.44136230e+02,
    1.04727637e+03, 4.43324188e+02, 1.02365234e+03, 4.42343201e+02,
    1.00049731e+03, 4.41333893e+02, 1.09617896e+03, 4.20192566e+02,
    1.07177197e+03, 4.19403198e+02, 1.04783020e+03, 4.18624207e+02,
    1.02418091e+03, 4.17950989e+02, 1.00084625e+03, 4.17240509e+02,
    1.09676123e+03, 3.95317719e+02, 1.07242859e+03, 3.94660706e+02,
    1.04841919e+03, 3.94022095e+02, 1.02461670e+03, 3.93389160e+02,
    1.00135370e+03, 3.92703461e+02, 1.09744897e+03, 3.70083893e+02,
    1.07316919e+03, 3.69644928e+02, 1.04895801e+03, 3.69236176e+02,
    1.02513062e+03, 3.68719513e+02, 1.00165259e+03, 3.68311584e+02,
    1.09826501e+03, 3.44700592e+02, 1.07374475e+03, 3.44503143e+02,
    1.04954590e+03, 3.44252289e+02, 1.02576465e+03, 3.44021271e+02,
    1.00210699e+03, 3.43749451e+02, 1.09921741e+03, 3.19142883e+02,
    1.07453235e+03, 3.19153503e+02, 1.05023608e+03, 3.18917053e+02,
    1.02633545e+03, 3.18865051e+02, 1.00251318e+03, 3.18787811e+02,
    1.10012720e+03, 2.93329437e+02, 1.07522900e+03, 2.93400299e+02,
    1.05080444e+03, 2.93453735e+02, 1.02678809e+03, 2.93500092e+02,
    1.00304572e+03, 2.93524597e+02 ]
