%YAML:1.0
---
points: [ 2.41620056e+02, 1.24802567e+02, 2.60438965e+02, 1.26382690e+02,
    2.78836334e+02, 1.27656952e+02, 2.97204956e+02, 1.28984680e+02,
    3.15458038e+02, 1.30233200e+02, 2.40451096e+02, 1.44556076e+02,
    2.59019836e+02, 1.45547470e+02, 2.77374481e+02, 1.46765839e+02,
    2.95530243e+02, 1.47966904e+02, 3.13676636e+02, 1.49201584e+02,
    2.39325745e+02, 1.62849945e+02, 2.57735657e+02, 1.64391556e+02,
    2.75930359e+02, 1.65527817e+02, 2.93934631e+02, 1.66621643e+02,
    3.12006531e+02, 1.67716064e+02, 2.38092712e+02, 1.81577744e+02,
    2.56481781e+02, 1.82679916e+02, 2.74531158e+02, 1.83766266e+02,
    2.92345612e+02, 1.84818497e+02, 3.10259460e+02, 1.85860931e+02,
    2.37046600e+02, 1.99766357e+02, 2.55188705e+02, 2.00834091e+02,
    2.73124237e+02, 2.01795517e+02, 2.90824799e+02, 2.02784744e+02,
    3.08495300e+02, 2.03741028e+02, 2.35842545e+02, 2.17694305e+02,
    2.53973358e+02, 2.18695297e+02, 2.71695068e+02, 2.19567352e+02,
    2.89283081e+02, 2.20490982e+02, 3.06867157e+02, 2.21310593e+02,
    2.34768738e+02, 2.35334961e+02, 2.52697311e+02, 2.36206848e+02,
    2.70335083e+02, 2.36991776e+02, 2.87814514e+02, 2.37861023e+02,
    3.05228943e+02, 2.38686646e+02 ]
