%YAML:1.0
---
points: [ 1.03838086e+03, 4.42937073e+02, 1.01448663e+03, 4.41978424e+02,
    9.90887817e+02, 4.41137177e+02, 9.67601562e+02, 4.40256622e+02,
    9.44555420e+02, 4.39442963e+02, 1.03884998e+03, 4.18035919e+02,
    1.01491290e+03, 4.17312622e+02, 9.91336792e+02, 4.16663391e+02,
    9.67864685e+02, 4.15830811e+02, 9.44758606e+02, 4.14988434e+02,
    1.03933521e+03, 3.92869415e+02, 1.01535577e+03, 3.92417938e+02,
    9.91510376e+02, 3.91732697e+02, 9.68229187e+02, 3.91336853e+02,
    9.44980713e+02, 3.90719818e+02, 1.03972644e+03, 3.67723572e+02,
    1.01572986e+03, 3.67388367e+02, 9.91787476e+02, 3.66852448e+02,
    9.68513916e+02, 3.66449310e+02, 9.45268616e+02, 3.66098297e+02,
    1.04028088e+03, 3.42430359e+02, 1.01629285e+03, 3.42113953e+02,
    9.92240112e+02, 3.41776428e+02, 9.68740906e+02, 3.41584930e+02,
    9.45368225e+02, 3.41346649e+02, 1.04100562e+03, 3.16867065e+02,
    1.01666785e+03, 3.16788635e+02, 9.92587891e+02, 3.16648102e+02,
    9.69142090e+02, 3.16535889e+02, 9.45523315e+02, 3.16464722e+02,
    1.04166736e+03, 2.90929535e+02, 1.01722070e+03, 2.91014923e+02,
    9.92989197e+02, 2.91094604e+02, 9.69430420e+02, 2.91184937e+02,
    9.45745239e+02, 2.91207672e+02 ]
