%YAML:1.0
---
points: [ 7.40166321e+02, 4.87568695e+02, 7.66840149e+02, 4.88036316e+02,
    7.92565674e+02, 4.88544250e+02, 8.17820190e+02, 4.88989624e+02,
    8.42571838e+02, 4.89583588e+02, 7.40171021e+02, 5.14468445e+02,
    7.66736145e+02, 5.14574890e+02, 7.92619629e+02, 5.14832886e+02,
    8.17864868e+02, 5.15115845e+02, 8.42628540e+02, 5.15180176e+02,
    7.40151672e+02, 5.41318970e+02, 7.66791687e+02, 5.41246277e+02,
    7.92706543e+02, 5.41046021e+02, 8.17958740e+02, 5.40870911e+02,
    8.42792786e+02, 5.40756531e+02, 7.40085938e+02, 5.68075439e+02,
    7.66836975e+02, 5.67637390e+02, 7.92604309e+02, 5.67290527e+02,
    8.17931091e+02, 5.66905823e+02, 8.42783997e+02, 5.66481384e+02,
    7.40029358e+02, 5.95010132e+02, 7.66687439e+02, 5.94240540e+02,
    7.92607483e+02, 5.93485779e+02, 8.17853210e+02, 5.92743042e+02,
    8.42659058e+02, 5.92128723e+02, 7.39881714e+02, 6.21840942e+02,
    7.66703979e+02, 6.20758789e+02, 7.92510864e+02, 6.19652649e+02,
    8.17666199e+02, 6.18751587e+02, 8.42528687e+02, 6.17757141e+02,
    7.39861755e+02, 6.48704224e+02, 7.66552307e+02, 6.47364624e+02,
    7.92443604e+02, 6.45937805e+02, 8.17644165e+02, 6.44736328e+02,
    8.42509399e+02, 6.43475464e+02 ]
