%YAML:1.0
---
points: [ 2.51699951e+02, 1.24867821e+02, 2.59759705e+02, 1.24783356e+02,
    2.67960632e+02, 1.24786171e+02, 2.76552032e+02, 1.24749077e+02,
    2.84862305e+02, 1.24736923e+02, 2.51640289e+02, 1.33672241e+02,
    2.59726349e+02, 1.33693634e+02, 2.67804260e+02, 1.33690536e+02,
    2.76184784e+02, 1.33707825e+02, 2.84759613e+02, 1.33643799e+02,
    2.51518417e+02, 1.42290710e+02, 2.59603821e+02, 1.42326584e+02,
    2.67708984e+02, 1.42446899e+02, 2.75879272e+02, 1.42567276e+02,
    2.84584351e+02, 1.42626755e+02, 2.51218079e+02, 1.50765686e+02,
    2.59368378e+02, 1.50857758e+02, 2.67634766e+02, 1.50926620e+02,
    2.75796692e+02, 1.51135529e+02, 2.84199066e+02, 1.51218964e+02,
    2.50999191e+02, 1.59308304e+02, 2.59175049e+02, 1.59537460e+02,
    2.67362640e+02, 1.59678955e+02, 2.75653748e+02, 1.59782974e+02,
    2.83846497e+02, 1.59874924e+02, 2.50922607e+02, 1.67698883e+02,
    2.58896240e+02, 1.67854248e+02, 2.67173706e+02, 1.68127991e+02,
    2.75533264e+02, 1.68477814e+02, 2.83724060e+02, 1.68671967e+02,
    2.50831558e+02, 1.75912125e+02, 2.58802521e+02, 1.76347290e+02,
    2.66874908e+02, 1.76696381e+02, 2.75191589e+02, 1.76780197e+02,
    2.83714905e+02, 1.77142609e+02 ]
