%YAML:1.0
---
points: [ 2.41577148e+02, 1.24655502e+02, 2.60335541e+02, 1.26206757e+02,
    2.78786682e+02, 1.27463837e+02, 2.97151794e+02, 1.28738800e+02,
    3.15396271e+02, 1.30006714e+02, 2.40325287e+02, 1.44314697e+02,
    2.58938843e+02, 1.45294922e+02, 2.77303925e+02, 1.46528610e+02,
    2.95468628e+02, 1.47768066e+02, 3.13624451e+02, 1.48964981e+02,
    2.39278549e+02, 1.62596497e+02, 2.57697449e+02, 1.64175873e+02,
    2.75862885e+02, 1.65289734e+02, 2.93874359e+02, 1.66425369e+02,
    3.11936737e+02, 1.67555023e+02, 2.37955353e+02, 1.81321960e+02,
    2.56395416e+02, 1.82530991e+02, 2.74483734e+02, 1.83588760e+02,
    2.92272339e+02, 1.84688553e+02, 3.10216187e+02, 1.85686279e+02,
    2.36877136e+02, 1.99617432e+02, 2.55128082e+02, 2.00632599e+02,
    2.73052368e+02, 2.01652969e+02, 2.90764099e+02, 2.02600159e+02,
    3.08426666e+02, 2.03596512e+02, 2.35780991e+02, 2.17439484e+02,
    2.53880890e+02, 2.18517838e+02, 2.71639465e+02, 2.19313751e+02,
    2.89225739e+02, 2.20214142e+02, 3.06772736e+02, 2.21124008e+02,
    2.34677612e+02, 2.35091125e+02, 2.52622696e+02, 2.36053680e+02,
    2.70266663e+02, 2.36850235e+02, 2.87734009e+02, 2.37689728e+02,
    3.05176575e+02, 2.38506348e+02 ]
