%YAML:1.0
---
points: [ 8.43506348e+02, 2.94326385e+02, 8.67218018e+02, 2.94430023e+02,
    8.91257263e+02, 2.94558563e+02, 9.15423889e+02, 2.94734711e+02,
    9.39835205e+02, 2.94911530e+02, 8.43580200e+02, 3.20018616e+02,
    8.67205811e+02, 3.20315613e+02, 8.91097412e+02, 3.20509033e+02,
    9.15215271e+02, 3.20806946e+02, 9.39530151e+02, 3.21051361e+02,
    8.43635681e+02, 3.45472870e+02, 8.67112061e+02, 3.45840393e+02,
    8.90872314e+02, 3.46268219e+02, 9.14966309e+02, 3.46590912e+02,
    9.39105408e+02, 3.46891663e+02, 8.43735291e+02, 3.70651337e+02,
    8.67096252e+02, 3.71195709e+02, 8.90735535e+02, 3.71602661e+02,
    9.14690613e+02, 3.72243530e+02, 9.38857483e+02, 3.72620575e+02,
    8.43749146e+02, 3.95712280e+02, 8.67012085e+02, 3.96386749e+02,
    8.90662781e+02, 3.97044220e+02, 9.14523132e+02, 3.97676392e+02,
    9.38660583e+02, 3.98303619e+02, 8.43889771e+02, 4.20437439e+02,
    8.67022949e+02, 4.21359009e+02, 8.90646667e+02, 4.22018005e+02,
    9.14416016e+02, 4.22869293e+02, 9.38554749e+02, 4.23637329e+02,
    8.43899231e+02, 4.45240021e+02, 8.67077637e+02, 4.46104797e+02,
    8.90559326e+02, 4.46885071e+02, 9.14246887e+02, 4.48028900e+02,
    9.38232666e+02, 4.48821259e+02 ]
