%YAML:1.0
---
points: [ 2.16741028e+02, 1.25946648e+02, 2.24810944e+02, 1.25921120e+02,
    2.33223801e+02, 1.25995644e+02, 2.41721085e+02, 1.26031868e+02,
    2.50124390e+02, 1.26143051e+02, 2.16703964e+02, 1.34810822e+02,
    2.24797531e+02, 1.34913040e+02, 2.33100494e+02, 1.34961029e+02,
    2.41650543e+02, 1.35144577e+02, 2.49912888e+02, 1.35229019e+02,
    2.16729691e+02, 1.43714020e+02, 2.24787857e+02, 1.43746277e+02,
    2.32988785e+02, 1.43840088e+02, 2.41547287e+02, 1.43982666e+02,
    2.49764252e+02, 1.44168701e+02, 2.16740005e+02, 1.52442688e+02,
    2.24789749e+02, 1.52669952e+02, 2.32928024e+02, 1.52722351e+02,
    2.41340836e+02, 1.52842285e+02, 2.49723862e+02, 1.52936798e+02,
    2.16738754e+02, 1.60930267e+02, 2.24756668e+02, 1.61176636e+02,
    2.32847153e+02, 1.61576675e+02, 2.41204971e+02, 1.61695404e+02,
    2.49713211e+02, 1.61807541e+02, 2.16735367e+02, 1.69609467e+02,
    2.24755524e+02, 1.69820618e+02, 2.32812607e+02, 1.69964783e+02,
    2.41108887e+02, 1.70441833e+02, 2.49658112e+02, 1.70640182e+02,
    2.16709244e+02, 1.78007843e+02, 2.24758209e+02, 1.78512802e+02,
    2.32783783e+02, 1.78694550e+02, 2.40931274e+02, 1.78877808e+02,
    2.49519165e+02, 1.79321106e+02 ]
