%YAML:1.0
---
points: [ 2.51388046e+02, 1.24270119e+02, 2.70167389e+02, 1.25383759e+02,
    2.89952850e+02, 1.26693985e+02, 3.10726685e+02, 1.27828171e+02,
    3.32716583e+02, 1.29073029e+02, 2.49695023e+02, 1.45104294e+02,
    2.68321014e+02, 1.46717117e+02, 2.87777710e+02, 1.48377380e+02,
    3.08239044e+02, 1.50195358e+02, 3.29811646e+02, 1.51993454e+02,
    2.48287918e+02, 1.65384415e+02, 2.66593079e+02, 1.67456665e+02,
    2.85794861e+02, 1.69651596e+02, 3.05895905e+02, 1.71813812e+02,
    3.27199005e+02, 1.74139023e+02, 2.46723541e+02, 1.85079193e+02,
    2.64851471e+02, 1.87696793e+02, 2.83780243e+02, 1.90254257e+02,
    3.03836517e+02, 1.92939346e+02, 3.24788300e+02, 1.95781815e+02,
    2.45276932e+02, 2.04629028e+02, 2.63239716e+02, 2.07488098e+02,
    2.81963257e+02, 2.10503799e+02, 3.01646820e+02, 2.13615677e+02,
    3.22382660e+02, 2.16937607e+02, 2.43976791e+02, 2.23605530e+02,
    2.61599030e+02, 2.26960556e+02, 2.80219147e+02, 2.30382202e+02,
    2.99683929e+02, 2.33874008e+02, 3.20120941e+02, 2.37507019e+02,
    2.42567291e+02, 2.42319962e+02, 2.60033447e+02, 2.46076843e+02,
    2.78377228e+02, 2.49825775e+02, 2.97644928e+02, 2.53690292e+02,
    3.17829498e+02, 2.57912262e+02 ]
