%YAML:1.0
---
points: [ 8.42633301e+02, 4.78605804e+02, 8.67492126e+02, 4.79053192e+02,
    8.91555481e+02, 4.79465881e+02, 9.15269226e+02, 4.79900879e+02,
    9.38393494e+02, 4.80303497e+02, 8.42640625e+02, 5.04375671e+02,
    8.67484863e+02, 5.04537415e+02, 8.91547180e+02, 5.04797150e+02,
    9.15291016e+02, 5.04862915e+02, 9.38494934e+02, 5.05001923e+02,
    8.42721252e+02, 5.30162842e+02, 8.67557678e+02, 5.30099365e+02,
    8.91599182e+02, 5.29945923e+02, 9.15361694e+02, 5.29798950e+02,
    9.38523254e+02, 5.29723694e+02, 8.42623230e+02, 5.55683899e+02,
    8.67513794e+02, 5.55502380e+02, 8.91628540e+02, 5.55230408e+02,
    9.15359009e+02, 5.54822571e+02, 9.38543579e+02, 5.54534241e+02,
    8.42680298e+02, 5.81536255e+02, 8.67482605e+02, 5.81025208e+02,
    8.91552185e+02, 5.80486206e+02, 9.15343567e+02, 5.79786804e+02,
    9.38429993e+02, 5.79303162e+02, 8.42592468e+02, 6.07271057e+02,
    8.67488770e+02, 6.06493103e+02, 8.91469666e+02, 6.05610413e+02,
    9.15201904e+02, 6.04686707e+02, 9.38300110e+02, 6.03906128e+02,
    8.42599060e+02, 6.33045715e+02, 8.67482788e+02, 6.31970398e+02,
    8.91493774e+02, 6.30728027e+02, 9.15030334e+02, 6.29745972e+02,
    9.38324524e+02, 6.28723145e+02 ]
