%YAML:1.0
---
points: [ 8.56694336e+02, 4.78758606e+02, 8.82218689e+02, 4.79337341e+02,
    9.07011169e+02, 4.79824280e+02, 9.31468140e+02, 4.80415405e+02,
    9.55298401e+02, 4.80778992e+02, 8.56564331e+02, 5.04903809e+02,
    8.82048645e+02, 5.05265289e+02, 9.06871948e+02, 5.05540680e+02,
    9.31305969e+02, 5.05740601e+02, 9.55257080e+02, 5.06125031e+02,
    8.56469666e+02, 5.30830811e+02, 8.81863464e+02, 5.30955994e+02,
    9.06823914e+02, 5.31032288e+02, 9.31249512e+02, 5.31166626e+02,
    9.55177673e+02, 5.31148682e+02, 8.56326477e+02, 5.56802490e+02,
    8.81804565e+02, 5.56715881e+02, 9.06645935e+02, 5.56523132e+02,
    9.31110840e+02, 5.56418030e+02, 9.55099182e+02, 5.56320312e+02,
    8.56161621e+02, 5.82828369e+02, 8.81585938e+02, 5.82569641e+02,
    9.06442200e+02, 5.82260681e+02, 9.30696350e+02, 5.81892273e+02,
    9.54771973e+02, 5.81563538e+02, 8.55923767e+02, 6.08800903e+02,
    8.81505615e+02, 6.08387817e+02, 9.06308044e+02, 6.07796082e+02,
    9.30545227e+02, 6.07326599e+02, 9.54477051e+02, 6.06665649e+02,
    8.55657959e+02, 6.34872559e+02, 8.81282715e+02, 6.34237915e+02,
    9.06103638e+02, 6.33453430e+02, 9.30323181e+02, 6.32704712e+02,
    9.54398499e+02, 6.31820435e+02 ]
