%YAML:1.0
---
points: [ 2.60570343e+02, 1.24974236e+02, 2.80257172e+02, 1.26272408e+02,
    3.00534637e+02, 1.27588394e+02, 3.21702454e+02, 1.28567657e+02, 336.,
    1.30500000e+02, 2.58803925e+02, 1.45854004e+02, 2.78261383e+02,
    1.47509903e+02, 2.98478058e+02, 1.49105545e+02, 3.19272400e+02,
    1.50755768e+02, 328., 1.49500000e+02, 2.57187408e+02, 1.66134125e+02,
    2.76397491e+02, 1.68141403e+02, 2.96260712e+02, 1.70005737e+02,
    3.16816528e+02, 1.72156830e+02, 3.37416046e+02, 1.75292908e+02,
    2.55631424e+02, 1.85997421e+02, 2.74458282e+02, 1.88297180e+02,
    2.94089874e+02, 1.90557571e+02, 3.14546204e+02, 1.92898758e+02,
    3.35870026e+02, 1.95345932e+02, 2.53996719e+02, 2.05420822e+02,
    2.72745300e+02, 2.08150421e+02, 2.92194000e+02, 2.10797668e+02,
    3.12397278e+02, 2.13450378e+02, 3.33447388e+02, 2.16425217e+02,
    2.52493988e+02, 2.24605042e+02, 2.71037079e+02, 2.27551453e+02,
    2.90240845e+02, 2.30497696e+02, 3.10226685e+02, 2.33624847e+02,
    3.31108063e+02, 2.36834930e+02, 2.50900162e+02, 2.43481216e+02,
    2.69290314e+02, 2.46712646e+02, 2.88300964e+02, 2.50062683e+02,
    3.08148926e+02, 2.53372116e+02, 3.28733673e+02, 2.57058533e+02 ]
