%YAML:1.0
---
points: [ 7.84616760e+02, 2.95520172e+02, 8.08437134e+02, 2.95690002e+02,
    8.32605103e+02, 2.95898560e+02, 8.56895020e+02, 2.96096008e+02,
    8.81487732e+02, 2.96401306e+02, 7.84971497e+02, 3.21353455e+02,
    8.08681030e+02, 3.21733521e+02, 8.32687317e+02, 3.22119720e+02,
    8.56875305e+02, 3.22513306e+02, 8.81416687e+02, 3.22738068e+02,
    7.85283813e+02, 3.46982483e+02, 8.08745728e+02, 3.47437134e+02,
    8.32715515e+02, 3.47921082e+02, 8.56826355e+02, 3.48386414e+02,
    8.81190857e+02, 3.48786743e+02, 7.85517822e+02, 3.72349030e+02,
    8.09052734e+02, 3.72888336e+02, 8.32745605e+02, 3.73531036e+02,
    8.56845093e+02, 3.74250549e+02, 8.81096191e+02, 3.74753418e+02,
    7.85738037e+02, 3.97635254e+02, 8.09190674e+02, 3.98337921e+02,
    8.32894226e+02, 3.99134155e+02, 8.56910889e+02, 3.99751007e+02,
    8.81155334e+02, 4.00403412e+02, 7.86017700e+02, 4.22873962e+02,
    8.09438599e+02, 4.23572113e+02, 8.33128296e+02, 4.24358307e+02,
    8.57054138e+02, 4.25131531e+02, 8.81193726e+02, 4.25935944e+02,
    7.86327881e+02, 4.47686707e+02, 8.09604126e+02, 4.48705414e+02,
    8.33197083e+02, 4.49516022e+02, 8.56997375e+02, 4.50334991e+02,
    8.81102539e+02, 4.51289948e+02 ]
