%YAML:1.0
---
points: [ 1.96630234e+02, 1.26534164e+02, 2.04794403e+02, 1.26563278e+02,
    2.13096878e+02, 1.26653549e+02, 2.21690842e+02, 1.26717964e+02,
    2.30082520e+02, 1.26718903e+02, 1.96718903e+02, 1.35435684e+02,
    2.04791748e+02, 1.35605759e+02, 2.13103653e+02, 1.35670700e+02,
    2.21687103e+02, 1.35697464e+02, 2.29990189e+02, 1.35766785e+02,
    1.96721115e+02, 1.44218475e+02, 2.04805222e+02, 1.44457535e+02,
    2.13134735e+02, 1.44642731e+02, 2.21660187e+02, 1.44724792e+02,
    2.29889038e+02, 1.44793823e+02, 1.96725586e+02, 1.52889801e+02,
    2.04781937e+02, 1.53117584e+02, 2.13154083e+02, 1.53418320e+02,
    2.21648285e+02, 1.53630402e+02, 2.29831879e+02, 1.53723938e+02,
    1.96777359e+02, 1.61728683e+02, 2.04858047e+02, 1.61788940e+02,
    2.13110687e+02, 1.62152786e+02, 2.21646423e+02, 1.62529266e+02,
    2.29825104e+02, 1.62733398e+02, 1.96798996e+02, 1.70388245e+02,
    2.04883926e+02, 1.70705048e+02, 2.13156357e+02, 1.70801041e+02,
    2.21612717e+02, 1.71066788e+02, 2.29821808e+02, 1.71449799e+02,
    1.96790573e+02, 1.78823013e+02, 2.04917267e+02, 1.79152496e+02,
    2.13206573e+02, 1.79658340e+02, 2.21602448e+02, 1.79792618e+02,
    2.29762665e+02, 1.80061111e+02 ]
