%YAML:1.0
---
points: [ 9.44534302e+02, 4.49885895e+02, 9.20819031e+02, 4.48935577e+02,
    8.97317810e+02, 4.47764832e+02, 8.74322815e+02, 4.46616943e+02,
    8.51410339e+02, 4.45501587e+02, 9.44932373e+02, 4.24525208e+02,
    9.21179993e+02, 4.23583954e+02, 8.97508240e+02, 4.22775360e+02,
    8.74412476e+02, 4.21722687e+02, 8.51471802e+02, 4.20770508e+02,
    9.45187561e+02, 3.99041748e+02, 9.21459290e+02, 3.98235535e+02,
    8.97678345e+02, 3.97520966e+02, 8.74508728e+02, 3.96743317e+02,
    8.51475647e+02, 3.96021881e+02, 9.45501831e+02, 3.73249359e+02,
    9.21653687e+02, 3.72576324e+02, 8.97898621e+02, 3.72113190e+02,
    8.74604736e+02, 3.71440735e+02, 8.51571289e+02, 3.70797516e+02,
    9.45919495e+02, 3.47473694e+02, 9.21988586e+02, 3.47061798e+02,
    8.98181030e+02, 3.46417969e+02, 8.74739136e+02, 3.46012177e+02,
    8.51599304e+02, 3.45508423e+02, 9.46530090e+02, 3.21381561e+02,
    9.22343201e+02, 3.21052521e+02, 8.98421326e+02, 3.20741882e+02,
    8.75019714e+02, 3.20452087e+02, 8.51612549e+02, 3.20105377e+02,
    9.47025879e+02, 2.94980377e+02, 9.22591736e+02, 2.94798126e+02,
    8.98629089e+02, 2.94647919e+02, 8.75146179e+02, 2.94472046e+02,
    8.51691589e+02, 2.94315643e+02 ]
