%YAML:1.0
---
points: [ 2.47743408e+02, 1.26703140e+02, 2.66538849e+02, 1.27677498e+02,
    2.85566956e+02, 1.28790070e+02, 3.05255096e+02, 1.29636322e+02,
    3.18500000e+02, 131., 2.46586929e+02, 1.46363281e+02, 2.64980011e+02,
    1.47645126e+02, 2.83850494e+02, 1.48931946e+02, 3.03270874e+02,
    1.50395233e+02, 3.09500000e+02, 149., 2.45284302e+02, 1.65538773e+02,
    2.63597229e+02, 1.67064285e+02, 2.82238464e+02, 1.68666672e+02,
    3.01636810e+02, 1.70130356e+02, 3.19154755e+02, 1.73299377e+02,
    2.44147202e+02, 1.84285400e+02, 2.62188629e+02, 1.86083954e+02,
    2.80727203e+02, 1.87856277e+02, 2.99770325e+02, 1.89732895e+02,
    3.19651978e+02, 1.91512817e+02, 2.42966415e+02, 2.02725006e+02,
    2.60834778e+02, 2.04744247e+02, 2.79204376e+02, 2.06809814e+02,
    2.98082275e+02, 2.08836304e+02, 3.17620331e+02, 2.10974716e+02,
    2.41791840e+02, 2.20830994e+02, 2.59510162e+02, 2.23134445e+02,
    2.77754150e+02, 2.25340698e+02, 2.96415833e+02, 2.27686996e+02,
    3.15806763e+02, 2.30057541e+02, 2.40624176e+02, 2.38726349e+02,
    2.58243866e+02, 2.41257538e+02, 2.76265411e+02, 2.43716476e+02,
    2.94834564e+02, 2.46215988e+02, 3.13938873e+02, 2.48841980e+02 ]
