%YAML:1.0
---
points: [ 7.82082886e+02, 4.83300659e+02, 8.08460815e+02, 4.83760803e+02,
    8.33966797e+02, 4.84327911e+02, 8.59188843e+02, 4.84949615e+02,
    8.83769897e+02, 4.85428986e+02, 7.81968628e+02, 5.09673492e+02,
    8.08277100e+02, 5.10087769e+02, 8.33848389e+02, 5.10300171e+02,
    8.58978394e+02, 5.10573853e+02, 8.83718323e+02, 5.10878571e+02,
    7.81885132e+02, 5.36012695e+02, 8.08245667e+02, 5.36138306e+02,
    8.33791748e+02, 5.36236572e+02, 8.58931396e+02, 5.36292175e+02,
    8.83652405e+02, 5.36302124e+02, 7.81680725e+02, 5.62394775e+02,
    8.08078552e+02, 5.62249451e+02, 8.33662231e+02, 5.62059998e+02,
    8.58867371e+02, 5.61838501e+02, 8.83633911e+02, 5.61611206e+02,
    7.81593689e+02, 5.88838318e+02, 8.07903076e+02, 5.88437012e+02,
    8.33548157e+02, 5.87977051e+02, 8.58646484e+02, 5.87493835e+02,
    8.83379944e+02, 5.87091309e+02, 7.81467712e+02, 6.15230957e+02,
    8.07755798e+02, 6.14526184e+02, 8.33331604e+02, 6.13744507e+02,
    8.58471924e+02, 6.13173218e+02, 8.83163452e+02, 6.12557617e+02,
    7.81244934e+02, 6.41670044e+02, 8.07548889e+02, 6.40690369e+02,
    8.33252563e+02, 6.39773438e+02, 8.58414673e+02, 6.38842834e+02,
    8.82909302e+02, 6.38057434e+02 ]
