%YAML:1.0
---
points: [ 2.19594513e+02, 1.25903847e+02, 2.27719910e+02, 1.25932602e+02,
    2.35771332e+02, 1.25988594e+02, 2.44174652e+02, 1.26097733e+02,
    2.52743301e+02, 1.26179893e+02, 2.19614548e+02, 1.34804703e+02,
    2.27692902e+02, 1.34953735e+02, 2.35723785e+02, 1.35056671e+02,
    2.43927856e+02, 1.35227448e+02, 2.52594040e+02, 1.35321503e+02,
    2.19507324e+02, 1.43748077e+02, 2.27586136e+02, 1.43786728e+02,
    2.35721268e+02, 1.43912231e+02, 2.43801346e+02, 1.44138336e+02,
    2.52277191e+02, 1.44346924e+02, 2.19470566e+02, 1.52502625e+02,
    2.27449417e+02, 1.52727722e+02, 2.35654709e+02, 1.52790665e+02,
    2.43753220e+02, 1.52941605e+02, 2.51946671e+02, 1.53230392e+02,
    2.19316177e+02, 1.60959106e+02, 2.27343002e+02, 1.61383102e+02,
    2.35561157e+02, 1.61658737e+02, 2.43661774e+02, 1.61803482e+02,
    2.51858719e+02, 1.62109329e+02, 2.19328094e+02, 1.69662262e+02,
    2.27235931e+02, 1.69913406e+02, 2.35342026e+02, 1.70321609e+02,
    2.43650558e+02, 1.70654297e+02, 2.51761597e+02, 1.70805923e+02,
    2.19230347e+02, 1.78139877e+02, 2.27119553e+02, 1.78633347e+02,
    2.35116898e+02, 1.78850830e+02, 2.43439667e+02, 1.79255844e+02,
    2.51725571e+02, 1.79690094e+02 ]
