%YAML:1.0
---
points: [ 5.86300354e+02, 2.91717651e+02, 6.11100647e+02, 2.92134552e+02,
    6.35784424e+02, 2.92536285e+02, 6.60811218e+02, 2.92982758e+02,
    6.85864929e+02, 2.93504913e+02, 5.87244507e+02, 3.18045837e+02,
    6.12017761e+02, 3.18526550e+02, 6.36837830e+02, 3.19036743e+02,
    6.61550537e+02, 3.19475250e+02, 6.86658691e+02, 3.19959839e+02,
    5.88277710e+02, 3.44126740e+02, 6.12830200e+02, 3.44593842e+02,
    6.37630981e+02, 3.45184967e+02, 6.62274170e+02, 3.45588623e+02,
    6.87191223e+02, 3.46169281e+02, 5.89472351e+02, 3.69902039e+02,
    6.13716492e+02, 3.70441895e+02, 6.38452576e+02, 3.70929932e+02,
    6.63241150e+02, 3.71468475e+02, 6.87851440e+02, 3.72078461e+02,
    5.90462219e+02, 3.95461761e+02, 6.14768982e+02, 3.96096130e+02,
    6.39303162e+02, 3.96657135e+02, 6.63968201e+02, 3.97292267e+02,
    6.88696289e+02, 3.97813202e+02, 5.91388000e+02, 4.20846375e+02,
    6.15698730e+02, 4.21538330e+02, 6.40160706e+02, 4.22178467e+02,
    6.64802368e+02, 4.22770508e+02, 6.89550659e+02, 4.23476685e+02,
    5.92328979e+02, 4.46174835e+02, 6.16628845e+02, 4.46779144e+02,
    6.40971069e+02, 4.47508698e+02, 6.65488892e+02, 4.48249481e+02,
    6.90260071e+02, 4.48800201e+02 ]
