%YAML:1.0
---
points: [ 1.28124985e+02, 1.25188568e+02, 1.36758209e+02, 1.25406998e+02,
    1.45481491e+02, 1.25633659e+02, 1.53886185e+02, 1.25693672e+02,
    1.62741104e+02, 1.25727325e+02, 1.28610138e+02, 1.34301285e+02,
    1.36924667e+02, 1.34507370e+02, 1.45726852e+02, 1.34678497e+02,
    1.54267654e+02, 1.34742523e+02, 1.62837112e+02, 1.34817429e+02,
    1.28758072e+02, 1.43195541e+02, 1.37362747e+02, 1.43515213e+02,
    1.45819305e+02, 1.43654953e+02, 1.54575500e+02, 1.43743149e+02,
    1.62986618e+02, 1.43772873e+02, 1.28996490e+02, 1.51980164e+02,
    1.37710815e+02, 1.52360077e+02, 1.46054199e+02, 1.52597321e+02,
    1.54725525e+02, 1.52714233e+02, 1.63351517e+02, 1.52796371e+02,
    1.29531540e+02, 1.60807968e+02, 1.37823441e+02, 1.60988205e+02,
    1.46481369e+02, 1.61420944e+02, 1.54870361e+02, 1.61683197e+02,
    1.63658783e+02, 1.61791534e+02, 1.29796875e+02, 1.69733719e+02,
    1.38135834e+02, 1.69827896e+02, 1.46737686e+02, 1.69980270e+02,
    1.55205276e+02, 1.70364288e+02, 1.63815247e+02, 1.70651215e+02,
    1.29947754e+02, 1.78405701e+02, 1.38620316e+02, 1.78731979e+02,
    1.46844345e+02, 1.78785599e+02, 1.55596344e+02, 1.78981064e+02,
    1.63895996e+02, 1.79360855e+02 ]
