%YAML:1.0
---
points: [ 2.12781128e+02, 1.27415482e+02, 2.24648849e+02, 1.27882423e+02,
    2.36165222e+02, 1.28672668e+02, 2.47810211e+02, 1.29240906e+02,
    2.59753510e+02, 1.29832199e+02, 2.12518921e+02, 1.39555405e+02,
    2.23942383e+02, 1.40145691e+02, 2.35653854e+02, 1.40735825e+02,
    2.47255905e+02, 1.41446121e+02, 2.58969208e+02, 1.41942184e+02,
    2.11912750e+02, 1.51444061e+02, 2.23592422e+02, 1.51954010e+02,
    2.34941498e+02, 1.52783447e+02, 2.46674042e+02, 1.53487717e+02,
    2.58256165e+02, 1.54152451e+02, 2.11632339e+02, 1.63130753e+02,
    2.22936386e+02, 1.63844330e+02, 2.34591812e+02, 1.64662949e+02,
    2.45944092e+02, 1.65330032e+02, 2.57682861e+02, 1.65777435e+02,
    2.11095932e+02, 1.74766327e+02, 2.22618073e+02, 1.75636017e+02,
    2.33810135e+02, 1.76329254e+02, 2.45467667e+02, 1.76977386e+02,
    2.56889282e+02, 1.77856964e+02, 2.10751480e+02, 1.86410782e+02,
    2.21914444e+02, 1.87157410e+02, 2.33435822e+02, 1.87822693e+02,
    2.44784103e+02, 1.88703262e+02, 2.56373840e+02, 1.89503906e+02,
    2.10263336e+02, 1.97795898e+02, 2.21594345e+02, 1.98661087e+02,
    2.32766113e+02, 1.99447662e+02, 2.44189774e+02, 2.00168274e+02,
    2.55708633e+02, 2.00985580e+02 ]
