%YAML:1.0
---
points: [ 8.85356689e+02, 4.78543213e+02, 9.10851868e+02, 4.78934723e+02,
    9.35937500e+02, 4.79500641e+02, 9.60669312e+02, 4.79892853e+02,
    9.85406372e+02, 4.80425964e+02, 8.85139893e+02, 5.04563721e+02,
    9.10754700e+02, 5.04864441e+02, 9.35834717e+02, 5.05157410e+02,
    9.60510132e+02, 5.05478424e+02, 9.85293213e+02, 5.05702454e+02,
    8.85042908e+02, 5.30466003e+02, 9.10628296e+02, 5.30563049e+02,
    9.35665771e+02, 5.30673645e+02, 9.60459045e+02, 5.30816467e+02,
    9.85234497e+02, 5.30871094e+02, 8.84706421e+02, 5.56332581e+02,
    9.10525574e+02, 5.56380432e+02, 9.35521118e+02, 5.56340759e+02,
    9.60338928e+02, 5.56282227e+02, 9.84929932e+02, 5.56270081e+02,
    8.84565979e+02, 5.82400391e+02, 9.10382874e+02, 5.82224915e+02,
    9.35331543e+02, 5.81917725e+02, 9.60087952e+02, 5.81749695e+02,
    9.84662476e+02, 5.81557068e+02, 8.84456360e+02, 6.08277222e+02,
    9.10145508e+02, 6.07853271e+02, 9.35117615e+02, 6.07567871e+02,
    9.59758728e+02, 6.07276550e+02, 9.84472229e+02, 6.06773315e+02,
    8.84180908e+02, 6.34094238e+02, 9.09835999e+02, 6.33742188e+02,
    9.34838318e+02, 6.33199585e+02, 9.59577332e+02, 6.32705322e+02,
    9.84270935e+02, 6.32196167e+02 ]
