%YAML:1.0
---
points: [ 1.73738190e+02, 1.25882042e+02, 1.81839310e+02, 1.25922836e+02,
    1.90146286e+02, 1.26239822e+02, 1.98644089e+02, 1.26392464e+02,
    2.06887573e+02, 1.26552017e+02, 1.73826019e+02, 1.34853683e+02,
    1.81953186e+02, 1.35078705e+02, 1.90223633e+02, 1.35308456e+02,
    1.98689026e+02, 1.35571472e+02, 2.06843155e+02, 1.35699112e+02,
    1.73891296e+02, 1.43813065e+02, 1.82002304e+02, 1.43950424e+02,
    1.90317902e+02, 1.44291321e+02, 1.98666016e+02, 1.44577560e+02,
    2.06839890e+02, 1.44707520e+02, 1.74103592e+02, 1.52715027e+02,
    1.82146317e+02, 1.52823395e+02, 1.90383850e+02, 1.53063324e+02,
    1.98687408e+02, 1.53467926e+02, 2.06839447e+02, 1.53652496e+02,
    1.72902588e+02, 1.62645416e+02, 1.82297348e+02, 1.61718964e+02,
    1.90489380e+02, 1.61889389e+02, 1.98685730e+02, 1.62257263e+02,
    2.06847504e+02, 1.62644730e+02, 1.74527985e+02, 1.69890121e+02,
    1.82452255e+02, 1.70502319e+02, 1.90628815e+02, 1.70725723e+02,
    1.98738083e+02, 1.70936874e+02, 2.06868301e+02, 1.71370544e+02,
    1.74546295e+02, 1.78711914e+02, 1.82574554e+02, 1.78939453e+02,
    1.90652695e+02, 1.79487564e+02, 1.98766403e+02, 1.79727844e+02,
    2.06850632e+02, 1.80030258e+02 ]
