%YAML:1.0
---
points: [ 7.18561707e+02, 2.94273346e+02, 7.42187500e+02, 2.94514130e+02,
    7.65650146e+02, 2.94821838e+02, 7.89706787e+02, 2.95206482e+02,
    8.13967834e+02, 2.95545532e+02, 7.19052795e+02, 3.20243042e+02,
    7.42527649e+02, 3.20642548e+02, 7.65994995e+02, 3.20993042e+02,
    7.89833191e+02, 3.21630249e+02, 8.13988281e+02, 3.22104279e+02,
    7.19424316e+02, 3.45906250e+02, 7.42709961e+02, 3.46485016e+02,
    7.66190857e+02, 3.47111786e+02, 7.89901001e+02, 3.47727753e+02,
    8.13860535e+02, 3.48359009e+02, 7.20002014e+02, 3.71438660e+02,
    7.43060669e+02, 3.72228516e+02, 7.66339783e+02, 3.72815094e+02,
    7.90169067e+02, 3.73498199e+02, 8.14005676e+02, 3.74287720e+02,
    7.20419373e+02, 3.96811554e+02, 7.43397461e+02, 3.97656067e+02,
    7.66593201e+02, 3.98401581e+02, 7.90378845e+02, 3.99280273e+02,
    8.14225769e+02, 4.00102783e+02, 7.20856201e+02, 4.22016663e+02,
    7.43688293e+02, 4.23087982e+02, 7.66980957e+02, 4.23881561e+02,
    7.90601318e+02, 4.24698914e+02, 8.14396729e+02, 4.25644257e+02,
    7.21213257e+02, 4.46953918e+02, 7.44109375e+02, 4.48153229e+02,
    7.67270935e+02, 4.49223145e+02, 7.90726562e+02, 4.50103638e+02,
    8.14395142e+02, 4.51190063e+02 ]
