%YAML:1.0
---
points: [ 9.52652344e+02, 4.81252014e+02, 9.78251038e+02, 4.81663666e+02,
    1.00318536e+03, 4.82172302e+02, 1.02816431e+03, 4.82563049e+02,
    1.05296704e+03, 4.83136230e+02, 9.52421753e+02, 5.07148834e+02,
    9.77805420e+02, 5.07478668e+02, 1.00278046e+03, 5.07807373e+02,
    1.02784412e+03, 5.08271027e+02, 1.05262500e+03, 5.08522400e+02,
    9.52115601e+02, 5.32812805e+02, 9.77534973e+02, 5.33107605e+02,
    1.00260638e+03, 5.33449707e+02, 1.02755017e+03, 5.33636597e+02,
    1.05242676e+03, 5.33862854e+02, 9.51634460e+02, 5.58539673e+02,
    9.77178955e+02, 5.58732849e+02, 1.00233148e+03, 5.58924072e+02,
    1.02729590e+03, 5.59246643e+02, 1.05220740e+03, 5.59301270e+02,
    9.51304138e+02, 5.84356567e+02, 9.76739075e+02, 5.84411438e+02,
    1.00196082e+03, 5.84523987e+02, 1.02696228e+03, 5.84566040e+02,
    1.05164221e+03, 5.84605286e+02, 9.50827698e+02, 6.09945007e+02,
    9.76446594e+02, 6.09989380e+02, 1.00152551e+03, 6.09893799e+02,
    1.02649023e+03, 6.09893005e+02, 1.05124304e+03, 6.09805969e+02,
    9.50571411e+02, 6.35729675e+02, 9.76122559e+02, 6.35714905e+02,
    1.00121423e+03, 6.35555664e+02, 1.02621753e+03, 6.35331909e+02,
    1.05081726e+03, 6.35220764e+02 ]
