%YAML:1.0
---
points: [ 2.48926987e+02, 1.28787399e+02, 2.60419769e+02, 1.29288055e+02,
    2.71760620e+02, 1.29813766e+02, 2.83501678e+02, 1.30387695e+02,
    2.95353577e+02, 1.30856873e+02, 2.48366898e+02, 1.40689941e+02,
    2.59639343e+02, 1.41324493e+02, 2.70953491e+02, 1.41838074e+02,
    2.82585693e+02, 1.42586349e+02, 2.94322418e+02, 1.43066971e+02,
    2.47676575e+02, 1.52434540e+02, 2.58788910e+02, 1.53057373e+02,
    2.70080139e+02, 1.53805466e+02, 2.81656464e+02, 1.54588760e+02,
    2.93325409e+02, 1.55304291e+02, 2.46904129e+02, 1.63884415e+02,
    2.57959808e+02, 1.64792206e+02, 2.69309021e+02, 1.65609009e+02,
    2.80755127e+02, 1.66447327e+02, 2.92467499e+02, 1.67055588e+02,
    2.46257416e+02, 1.75472641e+02, 2.57300140e+02, 1.76370331e+02,
    2.68615387e+02, 1.77255035e+02, 2.79853485e+02, 1.78042450e+02,
    2.91541504e+02, 1.78969269e+02, 2.45647293e+02, 1.86803101e+02,
    2.56663208e+02, 1.87809036e+02, 2.67732544e+02, 1.88747437e+02,
    2.78976959e+02, 1.89710587e+02, 2.90647736e+02, 1.90695328e+02,
    2.44822693e+02, 1.98101944e+02, 2.55813400e+02, 1.99118378e+02,
    2.66851685e+02, 2.00153412e+02, 2.78203949e+02, 2.01190353e+02,
    2.89705872e+02, 2.02296463e+02 ]
