%YAML:1.0
---
points: [ 1.96630875e+02, 1.26595627e+02, 2.07770996e+02, 1.27210938e+02,
    2.18984055e+02, 1.27842110e+02, 2.30464050e+02, 1.28648514e+02,
    2.41785522e+02, 1.29258316e+02, 1.96052017e+02, 1.38365417e+02,
    2.07379913e+02, 1.38936905e+02, 2.18623016e+02, 1.39680649e+02,
    2.29788544e+02, 1.40411743e+02, 2.41177231e+02, 1.40922653e+02,
    1.95751297e+02, 1.49861130e+02, 2.06823196e+02, 1.50658066e+02,
    2.17941040e+02, 1.51321182e+02, 2.29251053e+02, 1.51930557e+02,
    2.40591156e+02, 1.52785233e+02, 1.95414154e+02, 1.61312759e+02,
    2.06521133e+02, 1.62014420e+02, 2.17635208e+02, 1.62754898e+02,
    2.28729340e+02, 1.63603683e+02, 2.39866165e+02, 1.64168579e+02,
    1.94836594e+02, 1.72654160e+02, 2.05912827e+02, 1.73431351e+02,
    2.16918503e+02, 1.74144669e+02, 2.28065063e+02, 1.74844162e+02,
    2.39370087e+02, 1.75732269e+02, 1.94628220e+02, 1.83818130e+02,
    2.05628433e+02, 1.84685532e+02, 2.16623337e+02, 1.85523178e+02,
    2.27686813e+02, 1.86215958e+02, 2.38752838e+02, 1.86872421e+02,
    1.94093185e+02, 1.94936218e+02, 2.04975754e+02, 1.95737473e+02,
    2.15916672e+02, 1.96641205e+02, 2.26964539e+02, 1.97455322e+02,
    2.38080917e+02, 1.98225021e+02 ]
