%YAML:1.0
---
points: [ 2.01188965e+02, 1.25959435e+02, 2.09176758e+02, 1.26057495e+02,
    2.17314209e+02, 1.26240059e+02, 2.25596313e+02, 1.26366356e+02,
    2.33774536e+02, 1.26518517e+02, 2.01257065e+02, 1.34863861e+02,
    2.09109192e+02, 1.35112350e+02, 2.17180191e+02, 1.35312500e+02,
    2.25483414e+02, 1.35546219e+02, 2.33727982e+02, 1.35632782e+02,
    2.01134308e+02, 1.43781815e+02, 2.09018707e+02, 1.43888428e+02,
    2.17000809e+02, 1.44260727e+02, 2.25165878e+02, 1.44615189e+02,
    2.33614548e+02, 1.44738693e+02, 2.01215118e+02, 1.52676483e+02,
    2.08942444e+02, 1.52859863e+02, 2.16872131e+02, 1.53083389e+02,
    2.24971954e+02, 1.53459457e+02, 2.33423935e+02, 1.53664490e+02,
    2.01123520e+02, 1.61323166e+02, 2.08872269e+02, 1.61686630e+02,
    2.16824066e+02, 1.61856674e+02, 2.24901871e+02, 1.62323181e+02,
    2.33213486e+02, 1.62697433e+02, 2.01132828e+02, 1.69807816e+02,
    2.08833649e+02, 1.70380936e+02, 2.16809128e+02, 1.70727921e+02,
    2.24831650e+02, 1.71025055e+02, 2.33033813e+02, 1.71553528e+02,
    2.01058456e+02, 1.78579483e+02, 2.08816406e+02, 1.78846725e+02,
    2.16771988e+02, 1.79465546e+02, 2.24819000e+02, 1.79798386e+02,
    2.32844833e+02, 1.80319855e+02 ]
