%YAML:1.0
---
points: [ 1.01413098e+03, 4.82389740e+02, 1.03972766e+03, 4.82772369e+02,
    1.06512817e+03, 4.83254272e+02, 1.09039014e+03, 4.83689575e+02,
    1.11553699e+03, 4.84217804e+02, 1.01373193e+03, 5.08306305e+02,
    1.03944556e+03, 5.08530396e+02, 1.06469714e+03, 5.08902283e+02,
    1.09006897e+03, 5.09310730e+02, 1.11534399e+03, 5.09669037e+02,
    1.01344824e+03, 5.33948975e+02, 1.03917957e+03, 5.34293335e+02,
    1.06447986e+03, 5.34541443e+02, 1.08978394e+03, 5.34917664e+02,
    1.11504822e+03, 5.35214966e+02, 1.01312030e+03, 5.59699890e+02,
    1.03877283e+03, 5.59863586e+02, 1.06421887e+03, 5.60281433e+02,
    1.08940759e+03, 5.60537537e+02, 1.11454297e+03, 5.60703796e+02,
    1.01273181e+03, 5.85464905e+02, 1.03844116e+03, 5.85703186e+02,
    1.06373291e+03, 5.85892883e+02, 1.08899854e+03, 5.86149353e+02,
    1.11410547e+03, 5.86360901e+02, 1.01241248e+03, 6.11186462e+02,
    1.03809229e+03, 6.11368530e+02, 1.06337769e+03, 6.11509094e+02,
    1.08851099e+03, 6.11627747e+02, 1.11363647e+03, 6.11729309e+02,
    1.01209167e+03, 6.36736572e+02, 1.03766394e+03, 6.36936340e+02,
    1.06304565e+03, 6.37203430e+02, 1.08816846e+03, 6.37235168e+02,
    1.11326770e+03, 6.37392883e+02 ]
