%YAML:1.0
---
points: [ 7.98403625e+02, 2.94387451e+02, 8.21399536e+02, 2.94687225e+02,
    8.44428162e+02, 2.94968323e+02, 8.68010803e+02, 2.95204254e+02,
    8.91841003e+02, 2.95502014e+02, 7.98445435e+02, 3.20344849e+02,
    8.21331055e+02, 3.20701385e+02, 8.44345215e+02, 3.21218597e+02,
    8.67751099e+02, 3.21620270e+02, 8.91470825e+02, 3.22118988e+02,
    7.98425415e+02, 3.45844940e+02, 8.21198608e+02, 3.46502228e+02,
    8.44024841e+02, 3.47222931e+02, 8.67353699e+02, 3.47847260e+02,
    8.90997620e+02, 3.48431519e+02, 7.98502075e+02, 3.71337677e+02,
    8.21042969e+02, 3.72132782e+02, 8.43814270e+02, 3.72862671e+02,
    8.67052979e+02, 3.73679718e+02, 8.90579102e+02, 3.74534912e+02,
    7.98493530e+02, 3.96629364e+02, 8.20992004e+02, 3.97572113e+02,
    8.43713257e+02, 3.98433899e+02, 8.66831970e+02, 3.99416351e+02,
    8.90487854e+02, 4.00394440e+02, 7.98519653e+02, 4.21659485e+02,
    8.20955078e+02, 4.22894775e+02, 8.43615662e+02, 4.23884308e+02,
    8.66727417e+02, 4.24922821e+02, 8.90376953e+02, 4.26197388e+02,
    7.98458130e+02, 4.46486908e+02, 8.20850586e+02, 4.47894470e+02,
    8.43512756e+02, 4.49202972e+02, 8.66494202e+02, 4.50377777e+02,
    8.89974426e+02, 4.51607117e+02 ]
