%YAML:1.0
---
points: [ 2.25276871e+02, 1.26713943e+02, 2.33179031e+02, 1.26688965e+02,
    2.41226929e+02, 1.26783409e+02, 2.49569321e+02, 1.26762444e+02,
    2.57826508e+02, 1.26824570e+02, 2.25048355e+02, 1.35647110e+02,
    2.32881653e+02, 1.35706589e+02, 2.40923752e+02, 1.35824799e+02,
    2.49153091e+02, 1.35919769e+02, 2.57676636e+02, 1.36085922e+02,
    2.24813705e+02, 1.44649994e+02, 2.32775421e+02, 1.44709396e+02,
    2.40746780e+02, 1.44879639e+02, 2.48813629e+02, 1.45119568e+02,
    2.57194580e+02, 1.45413345e+02, 2.24819000e+02, 1.53298828e+02,
    2.32713593e+02, 1.53683044e+02, 2.40647446e+02, 1.53811264e+02,
    2.48733551e+02, 1.54166794e+02, 2.56868195e+02, 1.54575943e+02,
    2.24726044e+02, 1.62021851e+02, 2.32581116e+02, 1.62492615e+02,
    2.40448547e+02, 1.62790573e+02, 2.48542664e+02, 1.63166367e+02,
    2.56712921e+02, 1.63636932e+02, 2.24652649e+02, 1.70745041e+02,
    2.32291473e+02, 1.71187851e+02, 2.40152878e+02, 1.71680115e+02,
    2.48213730e+02, 1.71973602e+02, 2.56609344e+02, 1.72565338e+02,
    2.24546448e+02, 1.79373032e+02, 2.31957352e+02, 1.79806137e+02,
    2.39830719e+02, 1.80436295e+02, 2.47885269e+02, 1.80820541e+02,
    2.56111694e+02, 1.81493088e+02 ]
