%YAML:1.0
---
points: [ 8.84073059e+02, 4.86112671e+02, 9.09855103e+02, 4.86544128e+02,
    9.35267822e+02, 4.86847443e+02, 9.60385315e+02, 4.87340393e+02,
    9.85550232e+02, 4.87616302e+02, 8.83764709e+02, 5.11965240e+02,
    9.09574341e+02, 5.12373108e+02, 9.34931763e+02, 5.12600708e+02,
    9.60158203e+02, 5.12766602e+02, 9.85363098e+02, 5.13215881e+02,
    8.83528870e+02, 5.37739075e+02, 9.09333679e+02, 5.37914795e+02,
    9.34705261e+02, 5.38260315e+02, 9.59999207e+02, 5.38428894e+02,
    9.85194275e+02, 5.38588623e+02, 8.83336548e+02, 5.63593872e+02,
    9.08987000e+02, 5.63670593e+02, 9.34420532e+02, 5.63785034e+02,
    9.59675720e+02, 5.63926453e+02, 9.84903015e+02, 5.64050232e+02,
    8.82848450e+02, 5.89343262e+02, 9.08727295e+02, 5.89398682e+02,
    9.34193787e+02, 5.89362915e+02, 9.59538818e+02, 5.89426453e+02,
    9.84566895e+02, 5.89325439e+02, 8.82594849e+02, 6.15062378e+02,
    9.08486816e+02, 6.14939636e+02, 9.33833252e+02, 6.14858276e+02,
    9.59214783e+02, 6.14714722e+02, 9.84347107e+02, 6.14600525e+02,
    8.82363953e+02, 6.40890747e+02, 9.08215881e+02, 6.40779907e+02,
    9.33614685e+02, 6.40568359e+02, 9.58824097e+02, 6.40331726e+02,
    9.83977722e+02, 6.40061218e+02 ]
