%YAML:1.0
---
points: [ 8.67978027e+02, 2.96080292e+02, 8.90579712e+02, 2.96295563e+02,
    9.13472656e+02, 2.96468475e+02, 9.37126038e+02, 2.96650208e+02,
    9.60953247e+02, 2.96848297e+02, 8.67626221e+02, 3.22170349e+02,
    8.90247253e+02, 3.22575165e+02, 9.13031494e+02, 3.23048828e+02,
    9.36377197e+02, 3.23506958e+02, 9.60266296e+02, 3.23835724e+02,
    8.67123901e+02, 3.47739868e+02, 8.89631775e+02, 3.48546417e+02,
    9.12419983e+02, 3.49244049e+02, 9.35652161e+02, 3.49737549e+02,
    9.59351990e+02, 3.50457947e+02, 8.66800415e+02, 3.73280701e+02,
    8.89219360e+02, 3.74299866e+02, 9.11796570e+02, 3.75069427e+02,
    9.34997131e+02, 3.76011017e+02, 9.58641724e+02, 3.76804779e+02,
    8.66496521e+02, 3.98618195e+02, 8.88714233e+02, 3.99811646e+02,
    9.11432861e+02, 4.00997681e+02, 9.34418335e+02, 4.02049713e+02,
    9.58056030e+02, 4.03206726e+02, 8.66283630e+02, 4.23854584e+02,
    8.88292480e+02, 4.25142212e+02, 9.10990906e+02, 4.26532227e+02,
    9.34089294e+02, 4.27898743e+02, 9.57539062e+02, 4.29221436e+02,
    8.65810791e+02, 4.48946747e+02, 8.87791748e+02, 4.50427856e+02,
    9.10472778e+02, 4.51874268e+02, 9.33442261e+02, 4.53606812e+02,
    9.56793640e+02, 4.55059906e+02 ]
