%YAML:1.0
---
points: [ 1.88886047e+02, 1.25674835e+02, 2.00325333e+02, 1.26348946e+02,
    2.11670288e+02, 1.27008904e+02, 2.22997925e+02, 1.27745094e+02,
    2.34544617e+02, 1.28499786e+02, 1.88579666e+02, 1.37372559e+02,
    1.99785248e+02, 1.38054871e+02, 2.11088516e+02, 1.38841568e+02,
    2.22490875e+02, 1.39624573e+02, 2.33804169e+02, 1.40254272e+02,
    1.88186890e+02, 1.48892273e+02, 1.99424713e+02, 1.49701721e+02,
    2.10629410e+02, 1.50532471e+02, 2.21860275e+02, 1.51188644e+02,
    2.33173660e+02, 1.51907913e+02, 1.87789230e+02, 1.60484116e+02,
    1.98922775e+02, 1.61171722e+02, 2.10144943e+02, 1.61873505e+02,
    2.21392624e+02, 1.62752472e+02, 2.32659546e+02, 1.63474991e+02,
    1.87390900e+02, 1.71741837e+02, 1.98540588e+02, 1.72618805e+02,
    2.09655457e+02, 1.73377274e+02, 2.20793167e+02, 1.74025467e+02,
    2.32017899e+02, 1.74895798e+02, 1.86999146e+02, 1.82901703e+02,
    1.98059753e+02, 1.83824158e+02, 2.09199081e+02, 1.84666916e+02,
    2.20301529e+02, 1.85411758e+02, 2.31460632e+02, 1.86140228e+02,
    1.86632614e+02, 1.94154236e+02, 1.97663498e+02, 1.94885925e+02,
    2.08649673e+02, 1.95781876e+02, 2.19733047e+02, 1.96625366e+02,
    2.30851883e+02, 1.97428497e+02 ]
