%YAML:1.0
---
points: [ 9.44684814e+02, 2.97998016e+02, 9.67375122e+02, 2.98171967e+02,
    9.90496582e+02, 2.98397949e+02, 1.01419189e+03, 2.98481720e+02,
    1.03850037e+03, 2.98606812e+02, 9.43842957e+02, 3.24430756e+02,
    9.66437012e+02, 3.24726593e+02, 9.89577942e+02, 3.25246490e+02,
    1.01306030e+03, 3.25712585e+02, 1.03740637e+03, 3.26153046e+02,
    9.43158081e+02, 3.50509552e+02, 9.65475586e+02, 3.51210602e+02,
    9.88481628e+02, 3.51895538e+02, 1.01189984e+03, 3.52728882e+02,
    1.03610107e+03, 3.53544922e+02, 9.42520325e+02, 3.76380157e+02,
    9.64675964e+02, 3.77351593e+02, 9.87502441e+02, 3.78343079e+02,
    1.01094720e+03, 3.79457703e+02, 1.03471985e+03, 3.80514191e+02,
    9.41718079e+02, 4.02105682e+02, 9.63811401e+02, 4.03411316e+02,
    9.86587158e+02, 4.04626099e+02, 1.01005878e+03, 4.06132538e+02,
    1.03383594e+03, 4.07369659e+02, 9.40885803e+02, 4.27670837e+02,
    9.63018921e+02, 4.29150604e+02, 9.85762512e+02, 4.30573486e+02,
    1.00910846e+03, 4.32311951e+02, 1.03295984e+03, 4.33859344e+02,
    9.40144714e+02, 4.53014435e+02, 9.62295105e+02, 4.54768982e+02,
    9.84926758e+02, 4.56572723e+02, 1.00807404e+03, 4.58548492e+02,
    1.03185327e+03, 4.60360229e+02 ]
