%YAML:1.0
---
points: [ 7.88405212e+02, 4.87604248e+02, 8.15054810e+02, 4.88152435e+02,
    8.41155273e+02, 4.88531555e+02, 8.66718018e+02, 4.88903259e+02,
    8.92360352e+02, 4.89505859e+02, 7.88124878e+02, 5.13917175e+02,
    8.14676025e+02, 5.14274780e+02, 8.40781738e+02, 5.14532654e+02,
    8.66595947e+02, 5.14770447e+02, 8.92190369e+02, 5.15134766e+02,
    7.87855713e+02, 5.40225342e+02, 8.14520447e+02, 5.40401062e+02,
    8.40635498e+02, 5.40483704e+02, 8.66446472e+02, 5.40590393e+02,
    8.91957092e+02, 5.40725891e+02, 7.87606812e+02, 5.66392151e+02,
    8.14317993e+02, 5.66429321e+02, 8.40448914e+02, 5.66468079e+02,
    8.66191040e+02, 5.66454712e+02, 8.91747681e+02, 5.66399048e+02,
    7.87433411e+02, 5.92664612e+02, 8.14051331e+02, 5.92516602e+02,
    8.40120544e+02, 5.92432251e+02, 8.65885071e+02, 5.92293457e+02,
    8.91487915e+02, 5.92078186e+02, 7.87174622e+02, 6.18871765e+02,
    8.13757446e+02, 6.18602356e+02, 8.39893494e+02, 6.18288025e+02,
    8.65662842e+02, 6.17993042e+02, 8.91287048e+02, 6.17654053e+02,
    7.86815857e+02, 6.45207458e+02, 8.13523682e+02, 6.44757568e+02,
    8.39591736e+02, 6.44326904e+02, 8.65439087e+02, 6.43803955e+02,
    8.90957153e+02, 6.43348450e+02 ]
