%YAML:1.0
---
points: [ 2.51831787e+02, 1.27250809e+02, 2.59817383e+02, 1.27256920e+02,
    2.67917328e+02, 1.27363640e+02, 2.76514709e+02, 1.27313286e+02,
    2.84805450e+02, 1.27474289e+02, 2.51714737e+02, 1.36444061e+02,
    2.59694824e+02, 1.36645523e+02, 2.67712524e+02, 1.36670898e+02,
    2.75855530e+02, 1.36761017e+02, 2.84596344e+02, 1.36789612e+02,
    2.51322586e+02, 1.45448593e+02, 2.59158569e+02, 1.45679825e+02,
    2.67238281e+02, 1.45770737e+02, 2.75602112e+02, 1.45959839e+02,
    2.83866333e+02, 1.46383789e+02, 2.50938889e+02, 1.54360825e+02,
    2.58774506e+02, 1.54697083e+02, 2.66798035e+02, 1.54883011e+02,
    2.74971313e+02, 1.55386520e+02, 2.83591888e+02, 1.55688217e+02,
    2.50751236e+02, 1.63193695e+02, 2.58605316e+02, 1.63623734e+02,
    2.66604553e+02, 1.63953354e+02, 2.74729279e+02, 1.64573471e+02,
    2.83023773e+02, 1.64884140e+02, 2.50581833e+02, 1.71850708e+02,
    2.58159058e+02, 1.72601059e+02, 2.66130463e+02, 1.72924271e+02,
    2.74390320e+02, 1.73597839e+02, 2.82721344e+02, 1.73988663e+02,
    2.50037094e+02, 1.80708435e+02, 2.57815002e+02, 1.81327606e+02,
    2.65776978e+02, 1.81866531e+02, 2.73867035e+02, 1.82567886e+02,
    2.82312775e+02, 1.83235779e+02 ]
