%YAML:1.0
---
points: [ 1.66930008e+02, 1.23961433e+02, 1.78690979e+02, 1.24747940e+02,
    1.90078903e+02, 1.25539711e+02, 2.01698212e+02, 1.26066338e+02,
    2.13211929e+02, 1.26822662e+02, 1.66803436e+02, 1.35773972e+02,
    1.78520340e+02, 1.36600967e+02, 1.89801697e+02, 1.37208237e+02,
    2.01313751e+02, 1.37874985e+02, 2.12749054e+02, 1.38699753e+02,
    1.66737030e+02, 1.47619095e+02, 1.78093674e+02, 1.48157898e+02,
    1.89655594e+02, 1.48829330e+02, 2.00859787e+02, 1.49622116e+02,
    2.12319397e+02, 1.50267517e+02, 1.67647369e+02, 1.59739136e+02,
    1.76485733e+02, 1.60571167e+02, 1.89284393e+02, 1.60458725e+02,
    2.00690506e+02, 1.60971176e+02, 2.11876175e+02, 1.61683426e+02,
    1.66335342e+02, 1.70529694e+02, 1.77707687e+02, 1.71036987e+02,
    1.88855652e+02, 1.71794586e+02, 2.00296707e+02, 1.72574921e+02,
    2.11652252e+02, 1.73078491e+02, 1.66036499e+02, 1.81747116e+02,
    1.77471512e+02, 1.82540009e+02, 1.88689423e+02, 1.82905624e+02,
    1.99840744e+02, 1.83714005e+02, 2.11142105e+02, 1.84335632e+02,
    1.65796448e+02, 1.92882629e+02, 1.77076874e+02, 1.93701019e+02,
    1.88389053e+02, 1.94281815e+02, 1.99646210e+02, 1.94817825e+02,
    2.10750656e+02, 1.95633987e+02 ]
