%YAML:1.0
---
points: [ 6.51856567e+02, 4.87503784e+02, 6.80396790e+02, 4.88118347e+02,
    7.07941711e+02, 4.88488220e+02, 7.35252808e+02, 4.88988068e+02,
    7.62079956e+02, 4.89528503e+02, 6.51607849e+02, 5.14777466e+02,
    6.80202576e+02, 5.15155334e+02, 7.07796021e+02, 5.15363220e+02,
    7.35145630e+02, 5.15556152e+02, 7.61903870e+02, 5.15840454e+02,
    6.51514893e+02, 5.42088989e+02, 6.80141479e+02, 5.42116455e+02,
    7.07736206e+02, 5.42138977e+02, 7.34995544e+02, 5.42103455e+02,
    7.61778870e+02, 5.42120544e+02, 6.51359375e+02, 5.69361816e+02,
    6.79940063e+02, 5.69135864e+02, 7.07564331e+02, 5.68846985e+02,
    7.34795288e+02, 5.68556763e+02, 7.61702148e+02, 5.68283325e+02,
    6.51082764e+02, 5.96547363e+02, 6.79752319e+02, 5.96194092e+02,
    7.07427307e+02, 5.95597229e+02, 7.34611145e+02, 5.95182983e+02,
    7.61469604e+02, 5.94652161e+02, 6.50921936e+02, 6.23634216e+02,
    6.79601135e+02, 6.22964355e+02, 7.07279053e+02, 6.22363220e+02,
    7.34380371e+02, 6.21558960e+02, 7.61327454e+02, 6.20841431e+02,
    6.50632751e+02, 6.50907043e+02, 6.79377136e+02, 6.50017029e+02,
    7.06995361e+02, 6.49123779e+02, 7.34257385e+02, 6.48222229e+02,
    7.61151978e+02, 6.47141296e+02 ]
