%YAML:1.0
---
points: [ 2.90703979e+02, 1.26649437e+02, 2.98882111e+02, 1.26629395e+02,
    3.07536346e+02, 1.26650871e+02, 3.16101746e+02, 1.26637444e+02,
    3.25224030e+02, 1.26660141e+02, 2.90066864e+02, 1.35877625e+02,
    2.98394592e+02, 1.36056152e+02, 3.06797791e+02, 1.36208511e+02,
    3.15504242e+02, 1.36414703e+02, 3.24510162e+02, 1.36594254e+02,
    2.89697510e+02, 1.45311646e+02, 2.97730316e+02, 1.45616806e+02,
    3.06100739e+02, 1.45786362e+02, 3.14759216e+02, 1.45957443e+02,
    3.23714722e+02, 1.46409210e+02, 2.88981812e+02, 1.54570602e+02,
    2.97030731e+02, 1.54832642e+02, 3.05585266e+02, 1.55261475e+02,
    3.14060150e+02, 1.55697983e+02, 3.22990540e+02, 1.55941895e+02,
    2.88623047e+02, 1.63650635e+02, 2.96624756e+02, 1.64087509e+02,
    3.04856293e+02, 1.64722336e+02, 3.13548676e+02, 1.65178680e+02,
    3.22318268e+02, 1.65757446e+02, 2.87936432e+02, 1.72717133e+02,
    2.95958923e+02, 1.73365982e+02, 3.04373993e+02, 1.73877731e+02,
    3.12848450e+02, 1.74628098e+02, 3.21702850e+02, 1.75284119e+02,
    2.87620758e+02, 1.81669388e+02, 2.95568451e+02, 1.82469223e+02,
    3.03775543e+02, 1.83176636e+02, 3.12232422e+02, 1.83929260e+02,
    3.21001465e+02, 1.84783005e+02 ]
