%YAML:1.0
---
points: [ 1.14234106e+03, 4.65422943e+02, 1.11760803e+03, 4.62848541e+02,
    1.09355054e+03, 4.60520599e+02, 1.07019470e+03, 4.58283356e+02,
    1.04769470e+03, 4.55911530e+02, 1.14399927e+03, 4.37843597e+02,
    1.11920154e+03, 4.35637238e+02, 1.09516248e+03, 4.33720032e+02,
    1.07152783e+03, 4.31744446e+02, 1.04900232e+03, 4.29761688e+02,
    1.14548901e+03, 4.10016327e+02, 1.12075623e+03, 4.08414001e+02,
    1.09648950e+03, 4.06743408e+02, 1.07312903e+03, 4.05262299e+02,
    1.05023303e+03, 4.03587524e+02, 1.14731409e+03, 3.82186157e+02,
    1.12231152e+03, 3.80937225e+02, 1.09790869e+03, 3.79606873e+02,
    1.07447644e+03, 3.78292542e+02, 1.05161047e+03, 3.77111053e+02,
    1.14910669e+03, 3.54087219e+02, 1.12387476e+03, 3.53087738e+02,
    1.09961877e+03, 3.52239014e+02, 1.07585669e+03, 3.51221802e+02,
    1.05297266e+03, 3.50485016e+02, 1.15110107e+03, 3.25500824e+02,
    1.12573083e+03, 3.25065735e+02, 1.10129663e+03, 3.24525513e+02,
    1.07746667e+03, 3.24178497e+02, 1.05434363e+03, 3.23667145e+02,
    1.15318774e+03, 2.96713226e+02, 1.12755432e+03, 2.96677704e+02,
    1.10282446e+03, 2.96604523e+02, 1.07898303e+03, 2.96558899e+02,
    1.05558069e+03, 2.96468658e+02 ]
