%YAML:1.0
---
points: [ 1.27696259e+02, 1.21064690e+02, 1.39725357e+02, 1.21776306e+02,
    1.51797760e+02, 1.22535072e+02, 1.63769913e+02, 1.23145149e+02,
    1.75784866e+02, 1.23828430e+02, 1.27735634e+02, 1.33107712e+02,
    1.39735443e+02, 1.33759674e+02, 1.51755676e+02, 1.34564285e+02,
    1.63719986e+02, 1.35125443e+02, 1.75707809e+02, 1.35738312e+02,
    1.27729988e+02, 1.44959686e+02, 1.39806335e+02, 1.45672668e+02,
    1.51772842e+02, 1.46275528e+02, 1.63690109e+02, 1.46789597e+02,
    1.75628891e+02, 1.47512619e+02, 1.27757385e+02, 1.56795151e+02,
    1.39843185e+02, 1.57531204e+02, 1.51769043e+02, 1.57838776e+02,
    1.63702942e+02, 1.58613937e+02, 1.75396957e+02, 1.58856537e+02,
    1.27830093e+02, 1.68685822e+02, 1.39832016e+02, 1.68921432e+02,
    1.51782425e+02, 1.69672897e+02, 1.63657150e+02, 1.69944351e+02,
    1.75289307e+02, 1.70676056e+02, 1.27878586e+02, 1.79996017e+02,
    1.39842484e+02, 1.80684769e+02, 1.51755890e+02, 1.80901443e+02,
    1.63615082e+02, 1.81564224e+02, 1.75123688e+02, 1.81798645e+02,
    1.27890663e+02, 1.91705750e+02, 1.39874130e+02, 1.91878464e+02,
    1.51757080e+02, 1.92508087e+02, 1.63511154e+02, 1.92734390e+02,
    1.74939117e+02, 1.93127914e+02 ]
