%YAML:1.0
---
points: [ 8.07542297e+02, 4.90917023e+02, 8.33956787e+02, 4.91427185e+02,
    8.60078552e+02, 4.91760315e+02, 8.85826660e+02, 4.92215210e+02,
    9.11565491e+02, 4.92537811e+02, 8.07326721e+02, 5.17161743e+02,
    8.33653320e+02, 5.17510620e+02, 8.59725342e+02, 5.17768616e+02,
    8.85564392e+02, 5.18136719e+02, 9.11389404e+02, 5.18432068e+02,
    8.07008728e+02, 5.43254578e+02, 8.33464172e+02, 5.43477112e+02,
    8.59541260e+02, 5.43610535e+02, 8.85448364e+02, 5.43868469e+02,
    9.11087158e+02, 5.44162476e+02, 8.06719360e+02, 5.69317810e+02,
    8.33230774e+02, 5.69449768e+02, 8.59350098e+02, 5.69542908e+02,
    8.85196716e+02, 5.69597229e+02, 9.10813843e+02, 5.69717041e+02,
    8.06483398e+02, 5.95417725e+02, 8.32927307e+02, 5.95466675e+02,
    8.59033203e+02, 5.95451294e+02, 8.84815857e+02, 5.95435608e+02,
    9.10596985e+02, 5.95374268e+02, 8.06255371e+02, 6.21466064e+02,
    8.32637573e+02, 6.21424683e+02, 8.58718628e+02, 6.21262634e+02,
    8.84563049e+02, 6.21151917e+02, 9.10340515e+02, 6.21001343e+02,
    8.05880615e+02, 6.47557922e+02, 8.32389648e+02, 6.47367859e+02,
    8.58472778e+02, 6.47045532e+02, 8.84359009e+02, 6.46808777e+02,
    9.10071899e+02, 6.46606079e+02 ]
