%YAML:1.0
---
points: [ 1.23146594e+03, 4.76419128e+02, 1.20560535e+03, 4.73399933e+02,
    1.18046863e+03, 4.70524200e+02, 1.15627563e+03, 4.67688751e+02,
    1.13304224e+03, 4.65142761e+02, 1.23381519e+03, 4.47797882e+02,
    1.20765576e+03, 4.45282196e+02, 1.18253247e+03, 4.42883972e+02,
    1.15834570e+03, 4.40427307e+02, 1.13484045e+03, 4.38274139e+02,
    1.23617371e+03, 4.18956665e+02, 1.20989661e+03, 4.17082947e+02,
    1.18465308e+03, 4.14858368e+02, 1.16018152e+03, 4.13108856e+02,
    1.13673267e+03, 4.11332184e+02, 1.23822778e+03, 3.89965790e+02,
    1.21206543e+03, 3.88264099e+02, 1.18665894e+03, 3.86813782e+02,
    1.16224292e+03, 3.85414734e+02, 1.13864221e+03, 3.83882233e+02,
    1.24074500e+03, 3.60599182e+02, 1.21437134e+03, 3.59601257e+02,
    1.18886169e+03, 3.58561127e+02, 1.16426575e+03, 3.57546295e+02,
    1.14041248e+03, 3.56465332e+02, 1.24355225e+03, 3.31052032e+02,
    1.21678833e+03, 3.30513092e+02, 1.19112036e+03, 3.29903900e+02,
    1.16641187e+03, 3.29428772e+02, 1.14237927e+03, 3.28893799e+02,
    1.24616577e+03, 3.01190918e+02, 1.21926050e+03, 3.01106079e+02,
    1.19346533e+03, 3.01014954e+02, 1.16853784e+03, 3.00872894e+02,
    1.14437207e+03, 3.00762482e+02 ]
