%YAML:1.0
---
points: [ 1.92928894e+02, 1.24207497e+02, 2.03771179e+02, 1.24760361e+02,
    2.14680450e+02, 1.25514755e+02, 2.25307251e+02, 1.25935989e+02,
    2.36015274e+02, 1.26690758e+02, 1.92766983e+02, 1.35381943e+02,
    2.03547653e+02, 1.35888657e+02, 2.14070526e+02, 1.36674988e+02,
    2.24761627e+02, 1.37242386e+02, 2.35654312e+02, 1.37765472e+02,
    1.92561111e+02, 1.46325851e+02, 2.02962433e+02, 1.46864212e+02,
    2.13740021e+02, 1.47639633e+02, 2.24436920e+02, 1.48139557e+02,
    2.34935852e+02, 1.48816681e+02, 1.92121796e+02, 1.57053879e+02,
    2.02746307e+02, 1.57790802e+02, 2.13378189e+02, 1.58546494e+02,
    2.23835480e+02, 1.59044067e+02, 2.34703400e+02, 1.59691177e+02,
    1.91801620e+02, 1.67865097e+02, 2.02479660e+02, 1.68652893e+02,
    2.12831192e+02, 1.69218201e+02, 2.23596863e+02, 1.69797699e+02,
    2.33949814e+02, 1.70626266e+02, 1.91631287e+02, 1.78625443e+02,
    2.01914536e+02, 1.79237061e+02, 2.12641785e+02, 1.79808304e+02,
    2.22917816e+02, 1.80623489e+02, 2.33668091e+02, 1.81138138e+02,
    1.91208832e+02, 1.89082077e+02, 2.01716019e+02, 1.89766037e+02,
    2.12017441e+02, 1.90534500e+02, 2.22672653e+02, 1.91064697e+02,
    2.32982346e+02, 1.91832611e+02 ]
