%YAML:1.0
---
points: [ 3.52590820e+02, 1.88479752e+02, 3.43301880e+02, 1.87516998e+02,
    3.34317535e+02, 1.86482071e+02, 3.25759674e+02, 1.85582443e+02,
    3.17409454e+02, 1.84650513e+02, 3.53529877e+02, 1.78630005e+02,
    3.44171661e+02, 1.77748886e+02, 3.35168182e+02, 1.76858124e+02,
    3.26467621e+02, 1.76229950e+02, 3.18115112e+02, 1.75453232e+02,
    3.54332825e+02, 1.68688690e+02, 3.44926361e+02, 1.67893738e+02,
    3.35919037e+02, 1.67339935e+02, 3.27209564e+02, 1.66705170e+02,
    3.18799225e+02, 1.66081451e+02, 3.55203369e+02, 1.58662125e+02,
    3.45804138e+02, 1.58000168e+02, 3.36751282e+02, 1.57674103e+02,
    3.27944214e+02, 1.57143677e+02, 3.19596649e+02, 1.56700394e+02,
    3.56100983e+02, 1.48606049e+02, 3.46712646e+02, 1.48059357e+02,
    3.37591492e+02, 1.47767944e+02, 3.28780396e+02, 1.47634415e+02,
    3.20281555e+02, 1.47237518e+02, 3.57157379e+02, 1.38234772e+02,
    3.47684875e+02, 1.37971191e+02, 3.38467957e+02, 1.37832886e+02,
    3.29653534e+02, 1.37784210e+02, 3.21035370e+02, 1.37649567e+02,
    3.58161316e+02, 1.27800438e+02, 3.48611481e+02, 1.27787483e+02,
    3.39375702e+02, 1.27828957e+02, 3.30460541e+02, 1.27787781e+02,
    3.21801880e+02, 1.27836571e+02 ]
