%YAML:1.0
---
points: [ 2.80269531e+02, 1.29023376e+02, 2.90718750e+02, 1.29599396e+02,
    3.01447784e+02, 1.29947601e+02, 3.12261475e+02, 1.30640091e+02,
    3.23472321e+02, 1.30996719e+02, 2.79330231e+02, 1.39934311e+02,
    2.89750183e+02, 1.40680069e+02, 3.00344055e+02, 1.41217819e+02,
    3.11169342e+02, 1.41812347e+02, 3.22221527e+02, 1.42530807e+02,
    2.78494720e+02, 1.50869812e+02, 2.88734283e+02, 1.51636841e+02,
    2.99284424e+02, 1.52319733e+02, 3.10073608e+02, 1.52928284e+02,
    3.21027374e+02, 1.53788116e+02, 2.77581573e+02, 1.61668060e+02,
    2.87771881e+02, 1.62413605e+02, 2.98288330e+02, 1.63222641e+02,
    3.08984161e+02, 1.64041382e+02, 3.19923981e+02, 1.64825226e+02,
    2.76696228e+02, 1.72264847e+02, 2.86837982e+02, 1.73111877e+02,
    2.97310486e+02, 1.74104279e+02, 3.07917755e+02, 1.74911316e+02,
    3.18837189e+02, 1.75972076e+02, 2.75789795e+02, 1.82710251e+02,
    2.85899261e+02, 1.83762512e+02, 2.96318176e+02, 1.84763306e+02,
    3.06908600e+02, 1.85793869e+02, 3.17745361e+02, 1.86825684e+02,
    2.74824768e+02, 1.93181671e+02, 2.85010162e+02, 1.94305344e+02,
    2.95342072e+02, 1.95415543e+02, 3.05881866e+02, 1.96588303e+02,
    3.16675049e+02, 1.97756027e+02 ]
