%YAML:1.0
---
points: [ 8.86666992e+02, 4.95764038e+02, 9.12620056e+02, 4.96141052e+02,
    9.38224731e+02, 4.96533478e+02, 9.63710999e+02, 4.96853210e+02,
    9.89223999e+02, 4.97299713e+02, 8.86468567e+02, 5.21638489e+02,
    9.12302551e+02, 5.21971924e+02, 9.37901184e+02, 5.22266968e+02,
    9.63508057e+02, 5.22562500e+02, 9.88943359e+02, 5.22866577e+02,
    8.86189087e+02, 5.47368591e+02, 9.12054016e+02, 5.47639526e+02,
    9.37671509e+02, 5.47888672e+02, 9.63303589e+02, 5.48225708e+02,
    9.88686890e+02, 5.48515808e+02, 8.85812500e+02, 5.72955505e+02,
    9.11710205e+02, 5.73329529e+02, 9.37470947e+02, 5.73523193e+02,
    9.62969482e+02, 5.73759583e+02, 9.88456360e+02, 5.74134949e+02,
    8.85557434e+02, 5.98774963e+02, 9.11502869e+02, 5.99071167e+02,
    9.37163330e+02, 5.99293457e+02, 9.62588928e+02, 5.99407898e+02,
    9.88027649e+02, 5.99597412e+02, 8.85358704e+02, 6.24585144e+02,
    9.11182495e+02, 6.24756042e+02, 9.36760254e+02, 6.24803650e+02,
    9.62317688e+02, 6.24954346e+02, 9.87770142e+02, 6.25055725e+02,
    8.84969116e+02, 6.50455933e+02, 9.10818665e+02, 6.50575806e+02,
    9.36534302e+02, 6.50625183e+02, 9.61984131e+02, 6.50664917e+02,
    9.87489868e+02, 6.50701355e+02 ]
