%YAML:1.0
---
points: [ 1.07724158e+03, 4.75038025e+02, 1.05339990e+03, 4.72421295e+02,
    1.02996680e+03, 4.70028961e+02, 1.00739465e+03, 4.67517303e+02,
    9.85561462e+02, 4.65353333e+02, 1.07889417e+03, 4.47456055e+02,
    1.05469202e+03, 4.45273468e+02, 1.03141016e+03, 4.43286591e+02,
    1.00852814e+03, 4.41138977e+02, 9.86658020e+02, 4.39163879e+02,
    1.08026831e+03, 4.19735077e+02, 1.05608228e+03, 4.18068970e+02,
    1.03263635e+03, 4.16292023e+02, 1.00991998e+03, 4.14438171e+02,
    9.87758850e+02, 4.12864563e+02, 1.08159216e+03, 3.91764709e+02,
    1.05753125e+03, 3.90429199e+02, 1.03397803e+03, 3.88979736e+02,
    1.01120374e+03, 3.87627808e+02, 9.89196716e+02, 3.86387817e+02,
    1.08331934e+03, 3.63686981e+02, 1.05898767e+03, 3.62588196e+02,
    1.03538416e+03, 3.61543762e+02, 1.01246027e+03, 3.60693207e+02,
    9.90269104e+02, 3.59728699e+02, 1.08517664e+03, 3.35297913e+02,
    1.06059619e+03, 3.34605499e+02, 1.03693677e+03, 3.34201538e+02,
    1.01377869e+03, 3.33540924e+02, 9.91401672e+02, 3.32874359e+02,
    1.08671838e+03, 3.06677155e+02, 1.06215247e+03, 3.06498077e+02,
    1.03834656e+03, 3.06289551e+02, 1.01521716e+03, 3.06016388e+02,
    9.92591736e+02, 3.05745117e+02 ]
