%YAML:1.0
---
points: [ 2.68880280e+02, 1.29857605e+02, 2.76859253e+02, 1.29815964e+02,
    2.85089539e+02, 1.29877945e+02, 2.93670715e+02, 1.29881271e+02,
    3.02404938e+02, 1.29930725e+02, 2.68602875e+02, 1.39249573e+02,
    2.76455017e+02, 1.39509674e+02, 2.84649567e+02, 1.39669250e+02,
    2.92927399e+02, 1.39808212e+02, 3.01703522e+02, 1.39834351e+02,
    2.67892029e+02, 1.48663971e+02, 2.75797729e+02, 1.48761093e+02,
    2.83906799e+02, 1.49168686e+02, 2.92329681e+02, 1.49548569e+02,
    3.00854980e+02, 1.49765381e+02, 2.67640137e+02, 1.57696579e+02,
    2.75412537e+02, 1.58127960e+02, 2.83494232e+02, 1.58624634e+02,
    2.91753937e+02, 1.58979294e+02, 3.00301056e+02, 1.59553619e+02,
    2.67005798e+02, 1.66848846e+02, 2.74825317e+02, 1.67468597e+02,
    2.82849792e+02, 1.67923584e+02, 2.91159760e+02, 1.68615601e+02,
    2.99740051e+02, 1.69149918e+02, 2.66708344e+02, 1.75786484e+02,
    2.74416107e+02, 1.76643692e+02, 2.82458466e+02, 1.77258255e+02,
    2.90740143e+02, 1.77933594e+02, 2.99186432e+02, 1.78659210e+02,
    2.66088776e+02, 1.84891907e+02, 2.73871796e+02, 1.85683151e+02,
    2.81832001e+02, 1.86459595e+02, 2.90122406e+02, 1.87313614e+02,
    2.98667236e+02, 1.88235062e+02 ]
