%YAML:1.0
---
points: [ 9.67244263e+02, 4.98924408e+02, 9.92688049e+02, 4.99350220e+02,
    1.01816547e+03, 4.99674866e+02, 1.04358289e+03, 5.00122467e+02,
    1.06910852e+03, 5.00507294e+02, 9.66812561e+02, 5.24546814e+02,
    9.92373413e+02, 5.24916504e+02, 1.01773572e+03, 5.25351013e+02,
    1.04334973e+03, 5.25606201e+02, 1.06876099e+03, 5.25954895e+02,
    9.66422546e+02, 5.50162231e+02, 9.92050842e+02, 5.50479492e+02,
    1.01746094e+03, 5.50720093e+02, 1.04294409e+03, 5.51158264e+02,
    1.06844336e+03, 5.51506348e+02, 9.66131531e+02, 5.75629333e+02,
    9.91660645e+02, 5.75905579e+02, 1.01717896e+03, 5.76338562e+02,
    1.04261316e+03, 5.76666748e+02, 1.06822583e+03, 5.77176270e+02,
    9.65711060e+02, 6.01232300e+02, 9.91364685e+02, 6.01558289e+02,
    1.01673224e+03, 6.01976685e+02, 1.04229700e+03, 6.02384827e+02,
    1.06776636e+03, 6.02702087e+02, 9.65418579e+02, 6.26689758e+02,
    9.91039856e+02, 6.27207703e+02, 1.01643073e+03, 6.27567566e+02,
    1.04184875e+03, 6.27955566e+02, 1.06733911e+03, 6.28360352e+02,
    9.64969788e+02, 6.52172058e+02, 9.90614990e+02, 6.52800171e+02,
    1.01603668e+03, 6.53253906e+02, 1.04139758e+03, 6.53589050e+02,
    1.06691492e+03, 6.53882996e+02 ]
