%YAML:1.0
---
points: [ 7.64957825e+02, 2.96309662e+02, 7.89533264e+02, 2.96592529e+02,
    8.14378662e+02, 2.96825500e+02, 8.39606934e+02, 2.97187866e+02,
    8.65462952e+02, 2.97479980e+02, 7.65095581e+02, 3.24460266e+02,
    7.89584473e+02, 3.25059357e+02, 8.14264954e+02, 3.25552155e+02,
    8.39412292e+02, 3.26129639e+02, 8.65150452e+02, 3.26757202e+02,
    7.65140381e+02, 3.52456512e+02, 7.89422974e+02, 3.53247955e+02,
    8.13905334e+02, 3.54159729e+02, 8.39015320e+02, 3.54803589e+02,
    8.64648132e+02, 3.55513397e+02, 7.65271851e+02, 3.80245300e+02,
    7.89351074e+02, 3.81239563e+02, 8.13724609e+02, 3.82172668e+02,
    8.38784119e+02, 3.83024902e+02, 8.64305908e+02, 3.84133118e+02,
    7.65334167e+02, 4.07727356e+02, 7.89334351e+02, 4.08836456e+02,
    8.13650330e+02, 4.10006470e+02, 8.38608154e+02, 4.11413544e+02,
    8.64051147e+02, 4.12559845e+02, 7.65346375e+02, 4.34856384e+02,
    7.89336243e+02, 4.36390411e+02, 8.13655762e+02, 4.37813995e+02,
    8.38511292e+02, 4.39225403e+02, 8.63823914e+02, 4.40574188e+02,
    7.65338135e+02, 4.62010193e+02, 7.89256836e+02, 4.63685974e+02,
    8.13423401e+02, 4.65344727e+02, 8.38370728e+02, 4.66872437e+02,
    8.63558411e+02, 4.68605103e+02 ]
