%YAML:1.0
---
points: [ 1.91022156e+02, 1.26728836e+02, 1.99715912e+02, 1.26751427e+02,
    2.08467972e+02, 1.26828873e+02, 2.17194855e+02, 1.26881950e+02,
    2.26315109e+02, 1.27061264e+02, 1.91001328e+02, 1.36557999e+02,
    1.99741547e+02, 1.36732391e+02, 2.08334763e+02, 1.36792969e+02,
    2.17014725e+02, 1.36902847e+02, 2.26058487e+02, 1.37168747e+02,
    1.90996216e+02, 1.46051773e+02, 1.99692200e+02, 1.46439438e+02,
    2.08150116e+02, 1.46697205e+02, 2.16838852e+02, 1.46823944e+02,
    2.25818588e+02, 1.47141479e+02, 1.91036499e+02, 1.55694046e+02,
    1.99669830e+02, 1.55961502e+02, 2.08017349e+02, 1.56393173e+02,
    2.16793396e+02, 1.56688660e+02, 2.25734100e+02, 1.56949417e+02,
    1.90954788e+02, 1.65120468e+02, 1.99645142e+02, 1.65644760e+02,
    2.07911774e+02, 1.65867920e+02, 2.16752258e+02, 1.66534409e+02,
    2.25690033e+02, 1.66827118e+02, 1.91045914e+02, 1.74610397e+02,
    1.99541855e+02, 1.74999481e+02, 2.07870010e+02, 1.75626419e+02,
    2.16712112e+02, 1.75932571e+02, 2.25640472e+02, 1.76618561e+02,
    1.90955353e+02, 1.83824677e+02, 1.99486435e+02, 1.84517471e+02,
    2.07807266e+02, 1.84917145e+02, 2.16682663e+02, 1.85608551e+02,
    2.25384415e+02, 1.86067490e+02 ]
