%YAML:1.0
---
points: [ 2.56740387e+02, 1.28611404e+02, 2.66954468e+02, 1.29013397e+02,
    2.77516602e+02, 1.29650024e+02, 2.88013519e+02, 1.30184357e+02,
    2.98891266e+02, 1.30788223e+02, 2.55900818e+02, 1.39590652e+02,
    2.66084808e+02, 1.40193771e+02, 2.76500488e+02, 1.40815750e+02,
    2.86965820e+02, 1.41562653e+02, 2.97830963e+02, 1.42131195e+02,
    2.55073547e+02, 1.50412994e+02, 2.65229126e+02, 1.51072998e+02,
    2.75602570e+02, 1.51821564e+02, 2.85998779e+02, 1.52682861e+02,
    2.96732330e+02, 1.53377060e+02, 2.54364517e+02, 1.61057388e+02,
    2.64421112e+02, 1.61877182e+02, 2.74689575e+02, 1.62772491e+02,
    2.85007355e+02, 1.63644135e+02, 2.95727112e+02, 1.64562241e+02,
    2.53636688e+02, 1.71686401e+02, 2.63584717e+02, 1.72643356e+02,
    2.73728302e+02, 1.73552628e+02, 2.84091766e+02, 1.74594833e+02,
    2.94735931e+02, 1.75525330e+02, 2.52782745e+02, 1.82198227e+02,
    2.62727142e+02, 1.83243484e+02, 2.72857666e+02, 1.84273193e+02,
    2.83184387e+02, 1.85311966e+02, 2.93800934e+02, 1.86377243e+02,
    2.51871063e+02, 1.92582077e+02, 2.61856354e+02, 1.93773758e+02,
    2.71901611e+02, 1.94889664e+02, 2.82239777e+02, 1.95969025e+02,
    2.92786682e+02, 1.97200562e+02 ]
