%YAML:1.0
---
points: [ 1.06843896e+03, 5.01251770e+02, 1.09389893e+03, 5.01547333e+02,
    1.11943030e+03, 5.01822357e+02, 1.14517200e+03, 5.02168701e+02,
    1.17099512e+03, 5.02435211e+02, 1.06816345e+03, 5.26594849e+02,
    1.09348901e+03, 5.27113586e+02, 1.11890454e+03, 5.27408630e+02,
    1.14470129e+03, 5.27818115e+02, 1.17062219e+03, 5.28269531e+02,
    1.06762097e+03, 5.51945374e+02, 1.09312012e+03, 5.52486267e+02,
    1.11851147e+03, 5.53058655e+02, 1.14436084e+03, 5.53591125e+02,
    1.17032141e+03, 5.54006409e+02, 1.06714587e+03, 5.77334229e+02,
    1.09268933e+03, 5.77801086e+02, 1.11818176e+03, 5.78550842e+02,
    1.14396545e+03, 5.79208130e+02, 1.16997583e+03, 5.79654602e+02,
    1.06667493e+03, 6.02757019e+02, 1.09224402e+03, 6.03457214e+02,
    1.11777197e+03, 6.04201355e+02, 1.14356274e+03, 6.04767273e+02,
    1.16957239e+03, 6.05537659e+02, 1.06625635e+03, 6.28365295e+02,
    1.09178162e+03, 6.29047424e+02, 1.11743127e+03, 6.29688049e+02,
    1.14318970e+03, 6.30405701e+02, 1.16925330e+03, 6.31204285e+02,
    1.06579333e+03, 6.53827820e+02, 1.09141040e+03, 6.54630981e+02,
    1.11709338e+03, 6.55429016e+02, 1.14271875e+03, 6.56122009e+02,
    1.16881372e+03, 6.56987366e+02 ]
