%YAML:1.0
---
points: [ 1.30717834e+02, 1.25147438e+02, 1.39900162e+02, 1.25307701e+02,
    1.49527100e+02, 1.25588120e+02, 1.58800827e+02, 1.25668762e+02,
    1.68525482e+02, 1.25745331e+02, 1.30918335e+02, 1.35167999e+02,
    1.40393951e+02, 1.35461029e+02, 1.49733719e+02, 1.35644409e+02,
    1.59039780e+02, 1.35744263e+02, 1.68655670e+02, 1.35825485e+02,
    1.31362656e+02, 1.45024521e+02, 1.40667618e+02, 1.45313202e+02,
    1.49793777e+02, 1.45604767e+02, 1.59346725e+02, 1.45748489e+02,
    1.68745697e+02, 1.45872696e+02, 1.31712753e+02, 1.54858978e+02,
    1.40853897e+02, 1.55190186e+02, 1.50113220e+02, 1.55523163e+02,
    1.59615768e+02, 1.55717331e+02, 1.68840271e+02, 1.55845749e+02,
    1.31884384e+02, 1.64747452e+02, 1.41054810e+02, 1.64845718e+02,
    1.50471710e+02, 1.65274261e+02, 1.59737671e+02, 1.65689438e+02,
    1.70811905e+02, 1.64441818e+02, 1.32348068e+02, 1.74476761e+02,
    1.41507141e+02, 1.74752106e+02, 1.50705612e+02, 1.74866638e+02,
    1.59927643e+02, 1.75317276e+02, 1.69440979e+02, 1.75734421e+02,
    1.32660065e+02, 1.83876450e+02, 1.41743317e+02, 1.84379456e+02,
    1.50840424e+02, 1.84711899e+02, 1.60167236e+02, 1.84853790e+02,
    1.69608093e+02, 1.85345688e+02 ]
