%YAML:1.0
---
points: [ 3.23638885e+02, 1.31722931e+02, 3.34163513e+02, 1.32114456e+02,
    3.45035065e+02, 1.32741211e+02, 3.56264893e+02, 1.33320450e+02,
    3.67954407e+02, 1.33790359e+02, 3.22279205e+02, 1.42747314e+02,
    3.32745972e+02, 1.43590515e+02, 3.43478607e+02, 1.44213806e+02,
    3.54687408e+02, 1.44953186e+02, 3.66293213e+02, 1.45742538e+02,
    3.20945496e+02, 1.53828354e+02, 3.31337067e+02, 1.54691177e+02,
    3.42014648e+02, 1.55607132e+02, 3.53169250e+02, 1.56561996e+02,
    3.64636993e+02, 1.57466095e+02, 3.19671173e+02, 1.64716248e+02,
    3.29997742e+02, 1.65761459e+02, 3.40645660e+02, 1.66766922e+02,
    3.51652344e+02, 1.67898376e+02, 3.63085968e+02, 1.68944946e+02,
    3.18380981e+02, 1.75446350e+02, 3.28632294e+02, 1.76687241e+02,
    3.39228424e+02, 1.77958008e+02, 3.50198029e+02, 1.79197067e+02,
    3.61487091e+02, 1.80481308e+02, 3.17178833e+02, 1.86159637e+02,
    3.27310303e+02, 1.87496872e+02, 3.37834808e+02, 1.88910919e+02,
    3.48727783e+02, 1.90322159e+02, 3.60049530e+02, 1.91842743e+02,
    3.15915985e+02, 1.96716141e+02, 3.26059082e+02, 1.98249084e+02,
    3.36453583e+02, 1.99850616e+02, 3.47288513e+02, 2.01400101e+02,
    3.58475525e+02, 2.03192581e+02 ]
