%YAML:1.0
---
points: [ 5.88702393e+02, 2.91620758e+02, 6.15621704e+02, 2.92025299e+02,
    6.42651672e+02, 2.92472473e+02, 6.69833618e+02, 2.92958679e+02,
    6.97367126e+02, 2.93449097e+02, 5.89932739e+02, 3.20812256e+02,
    6.16633606e+02, 3.21338837e+02, 6.43537781e+02, 3.21966949e+02,
    6.70475281e+02, 3.22533997e+02, 6.97994995e+02, 3.22936981e+02,
    5.90799500e+02, 3.49579620e+02, 6.17431763e+02, 3.50193329e+02,
    6.44285645e+02, 3.50705048e+02, 6.71201599e+02, 3.51435181e+02,
    6.98429565e+02, 3.52153229e+02, 5.91886597e+02, 3.77979767e+02,
    6.18377747e+02, 3.78742157e+02, 6.45032288e+02, 3.79584381e+02,
    6.71837463e+02, 3.80361115e+02, 6.99005859e+02, 3.81044800e+02,
    5.92864075e+02, 4.06495850e+02, 6.19318665e+02, 4.07235565e+02,
    6.45816101e+02, 4.08121490e+02, 6.72814087e+02, 4.08800598e+02,
    6.99845642e+02, 4.09541107e+02, 5.94054565e+02, 4.34473480e+02,
    6.20288635e+02, 4.35329895e+02, 6.46886963e+02, 4.36253540e+02,
    6.73688049e+02, 4.37252197e+02, 7.00722168e+02, 4.38135620e+02,
    5.95000488e+02, 4.62304199e+02, 6.21289246e+02, 4.63430511e+02,
    6.47658203e+02, 4.64458618e+02, 6.74402161e+02, 4.65384094e+02,
    7.01237366e+02, 4.66363190e+02 ]
