%YAML:1.0
---
points: [ 6.32493286e+02, 2.93390259e+02, 6.58835999e+02, 2.93696198e+02,
    6.85480652e+02, 2.94186371e+02, 7.12184326e+02, 2.94625519e+02,
    7.39310730e+02, 2.95065948e+02, 6.33392761e+02, 3.22249207e+02,
    6.59633667e+02, 3.22661316e+02, 6.85988220e+02, 3.23246338e+02,
    7.12619873e+02, 3.23702942e+02, 7.39625427e+02, 3.24261536e+02,
    6.34220703e+02, 3.50563995e+02, 6.60277039e+02, 3.51156708e+02,
    6.86559692e+02, 3.51749054e+02, 7.13078491e+02, 3.52516174e+02,
    7.39902039e+02, 3.53229248e+02, 6.35013245e+02, 3.78775574e+02,
    6.61000366e+02, 3.79531006e+02, 6.87164673e+02, 3.80330536e+02,
    7.13638184e+02, 3.81174591e+02, 7.40354797e+02, 3.81757202e+02,
    6.35828430e+02, 4.06791870e+02, 6.61723389e+02, 4.07691528e+02,
    6.87770691e+02, 4.08452301e+02, 7.14259033e+02, 4.09293976e+02,
    7.40858826e+02, 4.10139648e+02, 6.36800537e+02, 4.34522247e+02,
    6.62489929e+02, 4.35458099e+02, 6.88672302e+02, 4.36435242e+02,
    7.15075439e+02, 4.37450073e+02, 7.41620789e+02, 4.38334503e+02,
    6.37578247e+02, 4.62158051e+02, 6.63259521e+02, 4.63283569e+02,
    6.89316223e+02, 4.64350464e+02, 7.15594360e+02, 4.65343323e+02,
    7.42049011e+02, 4.66337585e+02 ]
