%YAML:1.0
---
points: [ 1.45691071e+02, 1.25766556e+02, 1.54751755e+02, 1.25786301e+02,
    1.63959763e+02, 1.25869110e+02, 1.73334503e+02, 1.26090202e+02,
    1.82781189e+02, 1.26295776e+02, 1.45832413e+02, 1.35713257e+02,
    1.54915329e+02, 1.35806107e+02, 1.64163071e+02, 1.35869202e+02,
    1.73626587e+02, 1.36188049e+02, 1.82795166e+02, 1.36463272e+02,
    1.46021866e+02, 1.45589905e+02, 1.55203888e+02, 1.45700348e+02,
    1.64459457e+02, 1.45819183e+02, 1.73711533e+02, 1.46006561e+02,
    1.82853958e+02, 1.46369980e+02, 1.46468307e+02, 1.55174469e+02,
    1.55564133e+02, 1.55621597e+02, 1.64638748e+02, 1.55754593e+02,
    1.73758377e+02, 1.55894302e+02, 1.83000519e+02, 1.56201660e+02,
    1.46684830e+02, 1.64813446e+02, 1.55692963e+02, 1.65084900e+02,
    1.64749680e+02, 1.65547318e+02, 1.72920914e+02, 1.64400543e+02,
    1.83236298e+02, 1.65913864e+02, 1.46866379e+02, 1.74503433e+02,
    1.55801895e+02, 1.74767624e+02, 1.64869537e+02, 1.74931656e+02,
    1.74143158e+02, 1.75462296e+02, 1.83517014e+02, 1.75756454e+02,
    1.47060013e+02, 1.83838303e+02, 1.56001495e+02, 1.84301712e+02,
    1.65088882e+02, 1.84702606e+02, 1.74299850e+02, 1.84857361e+02,
    1.83604141e+02, 1.85372726e+02 ]
