%YAML:1.0
---
points: [ 1.09115356e+03, 5.00135193e+02, 1.11676440e+03, 5.00509491e+02,
    1.14247632e+03, 5.00903717e+02, 1.16838013e+03, 5.01386383e+02,
    1.19450525e+03, 5.01732635e+02, 1.09069910e+03, 5.25543762e+02,
    1.11633215e+03, 5.26126465e+02, 1.14191406e+03, 5.26676819e+02,
    1.16777661e+03, 5.27190491e+02, 1.19399109e+03, 5.27654663e+02,
    1.09013550e+03, 5.50830200e+02, 1.11578113e+03, 5.51554810e+02,
    1.14140564e+03, 5.52277588e+02, 1.16722937e+03, 5.52978699e+02,
    1.19345740e+03, 5.53629883e+02, 1.08968933e+03, 5.76323547e+02,
    1.11527942e+03, 5.77068604e+02, 1.14081555e+03, 5.77827148e+02,
    1.16667505e+03, 5.78591492e+02, 1.19289844e+03, 5.79395569e+02,
    1.08912598e+03, 6.01867371e+02, 1.11461792e+03, 6.02708618e+02,
    1.14029272e+03, 6.03493408e+02, 1.16616858e+03, 6.04322510e+02,
    1.19229700e+03, 6.05247070e+02, 1.08850671e+03, 6.27367981e+02,
    1.11398010e+03, 6.28309631e+02, 1.13971741e+03, 6.29188354e+02,
    1.16563306e+03, 6.30127014e+02, 1.19177185e+03, 6.31018494e+02,
    1.08797107e+03, 6.52880798e+02, 1.11350757e+03, 6.54036316e+02,
    1.13916064e+03, 6.54922241e+02, 1.16514771e+03, 6.55941956e+02,
    1.19130164e+03, 6.56996277e+02 ]
