%YAML:1.0
---
points: [ 2.05654007e+02, 1.24926025e+02, 2.15075974e+02, 1.25617958e+02,
    2.24825455e+02, 1.26301018e+02, 2.34839905e+02, 1.26841652e+02,
    2.44989777e+02, 1.27647392e+02, 2.04811798e+02, 1.35813538e+02,
    2.14527084e+02, 1.36687332e+02, 2.24124008e+02, 1.37387695e+02,
    2.33934814e+02, 1.38133530e+02, 2.44192627e+02, 1.38846512e+02,
    2.04203110e+02, 1.46666946e+02, 2.13689621e+02, 1.47562653e+02,
    2.23390915e+02, 1.48315521e+02, 2.33142380e+02, 1.49198792e+02,
    2.43266403e+02, 1.50109802e+02, 2.03655472e+02, 1.57311462e+02,
    2.12855743e+02, 1.58218628e+02, 2.22651901e+02, 1.59151855e+02,
    2.32455200e+02, 1.60144211e+02, 2.42405411e+02, 1.61076324e+02,
    2.02846191e+02, 1.67799057e+02, 2.12324860e+02, 1.68852524e+02,
    2.21811111e+02, 1.69947968e+02, 2.31642151e+02, 1.70931686e+02,
    2.41677643e+02, 1.72106949e+02, 2.02342850e+02, 1.78298309e+02,
    2.11651245e+02, 1.79415939e+02, 2.21114349e+02, 1.80534515e+02,
    2.30805771e+02, 1.81670425e+02, 2.40779465e+02, 1.82802368e+02,
    2.01707657e+02, 1.88600815e+02, 2.10832367e+02, 1.89834122e+02,
    2.20443573e+02, 1.91098328e+02, 2.30032776e+02, 1.92285553e+02,
    2.39858917e+02, 1.93580627e+02 ]
