%YAML:1.0
---
points: [ 9.86647034e+02, 4.99874451e+02, 1.01179297e+03, 5.00409454e+02,
    1.03707336e+03, 5.00853149e+02, 1.06226624e+03, 5.01458160e+02,
    1.08770850e+03, 5.01903381e+02, 9.86197205e+02, 5.25190796e+02,
    1.01139655e+03, 5.25721863e+02, 1.03652686e+03, 5.26373169e+02,
    1.06164526e+03, 5.26852295e+02, 1.08722131e+03, 5.27474121e+02,
    9.85627930e+02, 5.50473633e+02, 1.01078235e+03, 5.51031555e+02,
    1.03599500e+03, 5.51611145e+02, 1.06120691e+03, 5.52304077e+02,
    1.08664661e+03, 5.52860046e+02, 9.85194702e+02, 5.75711304e+02,
    1.01028040e+03, 5.76312744e+02, 1.03536194e+03, 5.76977295e+02,
    1.06064343e+03, 5.77574646e+02, 1.08629077e+03, 5.78393250e+02,
    9.84594482e+02, 6.00993042e+02, 1.00972858e+03, 6.01761292e+02,
    1.03473987e+03, 6.02451477e+02, 1.06016125e+03, 6.03067627e+02,
    1.08565381e+03, 6.03843323e+02, 9.84032288e+02, 6.26162415e+02,
    1.00903870e+03, 6.27047913e+02, 1.03425342e+03, 6.27877014e+02,
    1.05958325e+03, 6.28602234e+02, 1.08519031e+03, 6.29380005e+02,
    9.83378479e+02, 6.51408020e+02, 1.00852588e+03, 6.52391296e+02,
    1.03365369e+03, 6.53330750e+02, 1.05904565e+03, 6.54218384e+02,
    1.08459216e+03, 6.54947266e+02 ]
