%YAML:1.0
---
points: [ 2.67743500e+02, 1.29431015e+02, 2.76762115e+02, 1.29872238e+02,
    2.86024963e+02, 1.30560577e+02, 2.95707001e+02, 1.31056427e+02,
    3.05711792e+02, 1.31752472e+02, 2.66656525e+02, 1.39892258e+02,
    2.75656372e+02, 1.40684738e+02, 2.84922882e+02, 1.41444458e+02,
    2.94424500e+02, 1.42148636e+02, 3.04341644e+02, 1.42824142e+02,
    2.65667664e+02, 1.50406342e+02, 2.74454315e+02, 1.51238693e+02,
    2.83694916e+02, 1.52101715e+02, 2.93180725e+02, 1.53022339e+02,
    3.02963959e+02, 1.53935883e+02, 2.64622406e+02, 1.60661087e+02,
    2.73384521e+02, 1.61668259e+02, 2.82530457e+02, 1.62715347e+02,
    2.91935974e+02, 1.63754745e+02, 3.01709167e+02, 1.64800980e+02,
    2.63614502e+02, 1.70910995e+02, 2.72296417e+02, 1.72002640e+02,
    2.81378967e+02, 1.73228714e+02, 2.90770172e+02, 1.74401016e+02,
    3.00456451e+02, 1.75653259e+02, 2.62509277e+02, 1.80983231e+02,
    2.71272919e+02, 1.82304886e+02, 2.80277863e+02, 1.83588669e+02,
    2.89682709e+02, 1.85014526e+02, 2.99260345e+02, 1.86341202e+02,
    2.61599091e+02, 1.91044952e+02, 2.70222198e+02, 1.92414673e+02,
    2.79140900e+02, 1.93955292e+02, 2.88441071e+02, 1.95377304e+02,
    2.98044800e+02, 1.97047058e+02 ]
