%YAML:1.0
---
points: [ 6.12850281e+02, 2.91961304e+02, 6.39730103e+02, 2.92408234e+02,
    6.66683838e+02, 2.92674530e+02, 6.94078186e+02, 2.93179718e+02,
    7.21556702e+02, 2.93555084e+02, 6.13825623e+02, 3.20901733e+02,
    6.40643005e+02, 3.21440735e+02, 6.67640747e+02, 3.22089081e+02,
    6.94701538e+02, 3.22539612e+02, 7.22223694e+02, 3.22972626e+02,
    6.14871094e+02, 3.49601837e+02, 6.41587830e+02, 3.50180603e+02,
    6.68499817e+02, 3.50669830e+02, 6.95365479e+02, 3.51272705e+02,
    7.22517273e+02, 3.51783630e+02, 6.16055176e+02, 3.77921997e+02,
    6.42528931e+02, 3.78482117e+02, 6.69176514e+02, 3.79262390e+02,
    6.96086121e+02, 3.79875549e+02, 7.23132324e+02, 3.80662170e+02,
    6.16887817e+02, 4.06277344e+02, 6.43403748e+02, 4.06846893e+02,
    6.70049438e+02, 4.07603882e+02, 6.96828796e+02, 4.08311737e+02,
    7.23703796e+02, 4.09052063e+02, 6.17955933e+02, 4.33956085e+02,
    6.44310669e+02, 4.34705627e+02, 6.70803528e+02, 4.35565125e+02,
    6.97560730e+02, 4.36450653e+02, 7.24547913e+02, 4.37223785e+02,
    6.18754211e+02, 4.61678009e+02, 6.45028503e+02, 4.62679260e+02,
    6.71510498e+02, 4.63554474e+02, 6.98277954e+02, 4.64467316e+02,
    7.25049744e+02, 4.65370941e+02 ]
