%YAML:1.0
---
points: [ 1.38869476e+02, 1.25310905e+02, 1.48284821e+02, 1.25508812e+02,
    1.57727585e+02, 1.25653809e+02, 1.67072571e+02, 1.25684204e+02,
    1.76706268e+02, 1.25774101e+02, 1.39236176e+02, 1.35234161e+02,
    1.48668655e+02, 1.35525467e+02, 1.57833679e+02, 1.35655289e+02,
    1.67370010e+02, 1.35748871e+02, 1.76781708e+02, 1.35824158e+02,
    1.39650574e+02, 1.45039764e+02, 1.48779297e+02, 1.45309387e+02,
    1.58093460e+02, 1.45627777e+02, 1.67617508e+02, 1.45765549e+02,
    1.76870499e+02, 1.45813187e+02, 1.39815277e+02, 1.54796143e+02,
    1.48922058e+02, 1.55002808e+02, 1.58460999e+02, 1.55402481e+02,
    1.67723938e+02, 1.55683868e+02, 1.77070129e+02, 1.55757156e+02,
    1.40120087e+02, 1.64704010e+02, 1.49371429e+02, 1.64773712e+02,
    1.58672806e+02, 1.64979828e+02, 1.68035095e+02, 1.65288605e+02,
    1.77314285e+02, 1.65675552e+02, 1.40587311e+02, 1.74153564e+02,
    1.49709518e+02, 1.74636765e+02, 1.58814590e+02, 1.74764496e+02,
    1.68153015e+02, 1.74920120e+02, 1.77658173e+02, 1.75337982e+02,
    1.40726974e+02, 1.83761520e+02, 1.49789703e+02, 1.83930191e+02,
    1.59047119e+02, 1.84405991e+02, 1.68475677e+02, 1.84725555e+02,
    1.77735107e+02, 1.84838608e+02 ]
