%YAML:1.0
---
points: [ 8.30031250e+02, 4.99733673e+02, 8.55831787e+02, 5.00336700e+02,
    8.81584473e+02, 5.00800690e+02, 9.07234070e+02, 5.01376007e+02,
    9.32880127e+02, 5.01829712e+02, 8.29532104e+02, 5.25529175e+02,
    8.55370789e+02, 5.26052185e+02, 8.81162415e+02, 5.26567261e+02,
    9.06739197e+02, 5.27189148e+02, 9.32480164e+02, 5.27591309e+02,
    8.29081726e+02, 5.51249512e+02, 8.54811768e+02, 5.51708313e+02,
    8.80609314e+02, 5.52306641e+02, 9.06334045e+02, 5.52727173e+02,
    9.31972900e+02, 5.53325806e+02, 8.28603149e+02, 5.76936707e+02,
    8.54414612e+02, 5.77444458e+02, 8.80223022e+02, 5.77908325e+02,
    9.05743042e+02, 5.78432495e+02, 9.31545898e+02, 5.78930115e+02,
    8.28167847e+02, 6.02724609e+02, 8.53884094e+02, 6.03309937e+02,
    8.79636292e+02, 6.03617004e+02, 9.05394104e+02, 6.04193787e+02,
    9.31004395e+02, 6.04565308e+02, 8.27664368e+02, 6.28548279e+02,
    8.53437256e+02, 6.29119202e+02, 8.79218750e+02, 6.29448914e+02,
    9.04830811e+02, 6.29779846e+02, 9.30516235e+02, 6.30269165e+02,
    8.27098267e+02, 6.54412292e+02, 8.53041321e+02, 6.54904419e+02,
    8.78674255e+02, 6.55295166e+02, 9.04283997e+02, 6.55662842e+02,
    9.29960449e+02, 6.56064941e+02 ]
