%YAML:1.0
---
points: [ 1.98546143e+02, 1.24248734e+02, 2.07176895e+02, 1.24800903e+02,
    2.15967651e+02, 1.25449188e+02, 2.25152527e+02, 1.25939575e+02,
    2.34584229e+02, 1.26667297e+02, 1.97837265e+02, 1.34478836e+02,
    2.06647964e+02, 1.35061996e+02, 2.15483902e+02, 1.35733307e+02,
    2.24483444e+02, 1.36506470e+02, 2.33705139e+02, 1.37131149e+02,
    1.97313126e+02, 1.44383499e+02, 2.05869553e+02, 1.45127380e+02,
    2.14740952e+02, 1.45945328e+02, 2.23718094e+02, 1.46721466e+02,
    2.32791809e+02, 1.47508026e+02, 1.96744614e+02, 1.54328796e+02,
    2.05331940e+02, 1.55176086e+02, 2.13986984e+02, 1.55932617e+02,
    2.22876205e+02, 1.56899002e+02, 2.32064499e+02, 1.57761368e+02,
    1.96135452e+02, 1.64134369e+02, 2.04740875e+02, 1.64996399e+02,
    2.13491669e+02, 1.66010208e+02, 2.22373215e+02, 1.66931137e+02,
    2.31502884e+02, 1.67959473e+02, 1.95677414e+02, 1.73803146e+02,
    2.04024719e+02, 1.74902817e+02, 2.12772980e+02, 1.75868927e+02,
    2.21749573e+02, 1.76996796e+02, 2.30767288e+02, 1.77964996e+02,
    1.94956009e+02, 1.83374146e+02, 2.03586700e+02, 1.84613968e+02,
    2.12100555e+02, 1.85691849e+02, 2.20978729e+02, 1.86781326e+02,
    2.29915512e+02, 1.88016006e+02 ]
