%YAML:1.0
---
points: [ 6.48462769e+02, 2.93393585e+02, 6.75161621e+02, 2.93791565e+02,
    7.01953125e+02, 2.94266296e+02, 7.29083679e+02, 2.94626923e+02,
    7.56382629e+02, 2.95106049e+02, 6.49268188e+02, 3.22254395e+02,
    6.75840271e+02, 3.22667328e+02, 7.02637573e+02, 3.23130402e+02,
    7.29543884e+02, 3.23576935e+02, 7.56815369e+02, 3.24044281e+02,
    6.50153259e+02, 3.50511139e+02, 6.76588074e+02, 3.51018066e+02,
    7.03341797e+02, 3.51487854e+02, 7.30119995e+02, 3.52143066e+02,
    7.57186584e+02, 3.52714813e+02, 6.51090210e+02, 3.78523560e+02,
    6.77362366e+02, 3.79269928e+02, 7.03853027e+02, 3.79833862e+02,
    7.30594543e+02, 3.80562836e+02, 7.57629028e+02, 3.81121765e+02,
    6.51826294e+02, 4.06562561e+02, 6.78181885e+02, 4.07243744e+02,
    7.04635315e+02, 4.07841217e+02, 7.31308838e+02, 4.08559998e+02,
    7.58237549e+02, 4.09300995e+02, 6.52797058e+02, 4.34098663e+02,
    6.78883667e+02, 4.34819366e+02, 7.05391418e+02, 4.35622650e+02,
    7.32092712e+02, 4.36447327e+02, 7.58737976e+02, 4.37198792e+02,
    6.53538818e+02, 4.61561707e+02, 6.79672913e+02, 4.62492462e+02,
    7.06011597e+02, 4.63355469e+02, 7.32532227e+02, 4.64227356e+02,
    7.59124146e+02, 4.65115753e+02 ]
