%YAML:1.0
---
points: [ 1.50959000e+02, 1.25785934e+02, 1.60395782e+02, 1.25793396e+02,
    1.69716949e+02, 1.25905533e+02, 1.78902786e+02, 1.26060631e+02,
    1.88665283e+02, 1.26340393e+02, 1.51391296e+02, 1.35704590e+02,
    1.60670822e+02, 1.35798172e+02, 1.69772705e+02, 1.35841476e+02,
    1.79201141e+02, 1.36067215e+02, 1.88722458e+02, 1.36327652e+02,
    1.51671188e+02, 1.45572495e+02, 1.60778168e+02, 1.45679077e+02,
    1.69908310e+02, 1.45772385e+02, 1.79428772e+02, 1.45882126e+02,
    1.88752243e+02, 1.46122559e+02, 1.51789795e+02, 1.54982162e+02,
    1.60896606e+02, 1.55380020e+02, 1.70239899e+02, 1.55684372e+02,
    1.79623154e+02, 1.55793396e+02, 1.88799454e+02, 1.55842926e+02,
    1.51999329e+02, 1.64745255e+02, 1.61211868e+02, 1.64860275e+02,
    1.71472214e+02, 1.64150421e+02, 1.79715591e+02, 1.65595963e+02,
    1.88943832e+02, 1.65744095e+02, 1.52436295e+02, 1.74244904e+02,
    1.61558990e+02, 1.74636581e+02, 1.70709671e+02, 1.74743011e+02,
    1.79789642e+02, 1.74921890e+02, 1.89156189e+02, 1.75361755e+02,
    1.52652191e+02, 1.83735214e+02, 1.61724411e+02, 1.83888351e+02,
    1.70766769e+02, 1.84327438e+02, 1.79969070e+02, 1.84652298e+02,
    1.89312637e+02, 1.84802109e+02 ]
