%YAML:1.0
---
points: [ 5.79982117e+02, 5.01747772e+02, 6.09164673e+02, 5.02359802e+02,
    6.37983032e+02, 5.02809509e+02, 6.66063171e+02, 5.03504150e+02,
    6.94251831e+02, 5.04200562e+02, 5.79521484e+02, 5.29316040e+02,
    6.08566101e+02, 5.29596252e+02, 6.37383667e+02, 5.30214417e+02,
    6.65557739e+02, 5.30618652e+02, 6.93664001e+02, 5.31075806e+02,
    5.78829529e+02, 5.56667664e+02, 6.07973267e+02, 5.57125549e+02,
    6.36701294e+02, 5.57446289e+02, 6.65120972e+02, 5.57762817e+02,
    6.93131470e+02, 5.58221619e+02, 5.78257507e+02, 5.84375305e+02,
    6.07331726e+02, 5.84536743e+02, 6.36137878e+02, 5.84686340e+02,
    6.64491821e+02, 5.84878601e+02, 6.92570618e+02, 5.85151917e+02,
    5.77501648e+02, 6.12035278e+02, 6.06760254e+02, 6.12115234e+02,
    6.35471680e+02, 6.12145569e+02, 6.63949585e+02, 6.12193176e+02,
    6.92019348e+02, 6.12212769e+02, 5.76833740e+02, 6.39590759e+02,
    6.06260559e+02, 6.39560425e+02, 6.34839600e+02, 6.39454529e+02,
    6.63430908e+02, 6.39258118e+02, 6.91534058e+02, 6.39146362e+02,
    5.76211365e+02, 6.67334351e+02, 6.05529907e+02, 6.67088928e+02,
    6.34241455e+02, 6.66750305e+02, 6.62732666e+02, 6.66454224e+02,
    6.90924255e+02, 6.66210693e+02 ]
