%YAML:1.0
---
points: [ 7.35198242e+02, 2.96112427e+02, 7.61101135e+02, 2.96475098e+02,
    7.87329041e+02, 2.96695923e+02, 8.13635620e+02, 2.97129669e+02,
    8.40427551e+02, 2.97457642e+02, 7.35718628e+02, 3.24156738e+02,
    7.61516113e+02, 3.24495575e+02, 7.87501038e+02, 3.24947571e+02,
    8.13727844e+02, 3.25448242e+02, 8.40438171e+02, 3.25876404e+02,
    7.36110901e+02, 3.51735352e+02, 7.61749695e+02, 3.52358063e+02,
    7.87664795e+02, 3.53062225e+02, 8.13853210e+02, 3.53599457e+02,
    8.40368408e+02, 3.54240082e+02, 7.36669983e+02, 3.79286285e+02,
    7.62189575e+02, 3.80113342e+02, 7.87951111e+02, 3.80766052e+02,
    8.14032837e+02, 3.81402161e+02, 8.40342834e+02, 3.81934143e+02,
    7.37106995e+02, 4.06643555e+02, 7.62549255e+02, 4.07465820e+02,
    7.88278870e+02, 4.08246979e+02, 8.14222229e+02, 4.08957794e+02,
    8.40502930e+02, 4.09568512e+02, 7.37522095e+02, 4.33667450e+02,
    7.62835144e+02, 4.34557434e+02, 7.88537659e+02, 4.35352997e+02,
    8.14512329e+02, 4.36344513e+02, 8.40656189e+02, 4.37184845e+02,
    7.37820740e+02, 4.60547729e+02, 7.63196045e+02, 4.61553284e+02,
    7.88835449e+02, 4.62470062e+02, 8.14570801e+02, 4.63595276e+02,
    8.40609436e+02, 4.64601044e+02 ]
