%YAML:1.0
---
points: [ 1.80728363e+02, 1.26694641e+02, 1.89736420e+02, 1.26723541e+02,
    1.98781570e+02, 1.26811653e+02, 2.07844681e+02, 1.26847778e+02,
    2.17231979e+02, 1.26967613e+02, 1.80783768e+02, 1.36345383e+02,
    1.89778046e+02, 1.36577713e+02, 1.98816895e+02, 1.36685364e+02,
    2.07915527e+02, 1.36781219e+02, 2.17200089e+02, 1.36825195e+02,
    1.80850006e+02, 1.45833817e+02, 1.89809021e+02, 1.45950882e+02,
    1.98790771e+02, 1.46284302e+02, 2.07854630e+02, 1.46557373e+02,
    2.17147552e+02, 1.46721558e+02, 1.81021851e+02, 1.55405563e+02,
    1.89864075e+02, 1.55693008e+02, 1.98851120e+02, 1.55722412e+02,
    2.07852829e+02, 1.55959030e+02, 2.17082184e+02, 1.56299561e+02,
    1.81177979e+02, 1.64746948e+02, 1.89972046e+02, 1.64873917e+02,
    1.98874115e+02, 1.65307724e+02, 2.07917252e+02, 1.65658127e+02,
    2.17110809e+02, 1.65792480e+02, 1.81343414e+02, 1.73994400e+02,
    1.90091537e+02, 1.74512695e+02, 1.98995697e+02, 1.74718277e+02,
    2.07974243e+02, 1.74903137e+02, 2.17126053e+02, 1.75342880e+02,
    1.81542099e+02, 1.83374481e+02, 1.90214569e+02, 1.83705048e+02,
    1.99090576e+02, 1.83928162e+02, 2.07970001e+02, 1.84441116e+02,
    2.17045044e+02, 1.84723984e+02 ]
