%YAML:1.0
---
points: [ 2.10844452e+02, 1.23322784e+02, 2.19465897e+02, 1.23807411e+02,
    2.28015778e+02, 1.24469337e+02, 2.36900589e+02, 1.24869064e+02,
    2.45900070e+02, 1.25571053e+02, 2.10360275e+02, 1.33119171e+02,
    2.18802856e+02, 1.33755783e+02, 2.27511017e+02, 1.34390198e+02,
    2.36260910e+02, 1.34949982e+02, 2.45245071e+02, 1.35661774e+02,
    2.09754730e+02, 1.42790207e+02, 2.18186325e+02, 1.43508682e+02,
    2.26775345e+02, 1.44164597e+02, 2.35588715e+02, 1.44823547e+02,
    2.44528030e+02, 1.45596909e+02, 2.09225052e+02, 1.52352539e+02,
    2.17680115e+02, 1.53110611e+02, 2.26097763e+02, 1.53824341e+02,
    2.34784500e+02, 1.54684860e+02, 2.43747421e+02, 1.55511902e+02,
    2.08716293e+02, 1.61808044e+02, 2.16938889e+02, 1.62649948e+02,
    2.25607468e+02, 1.63507202e+02, 2.34180573e+02, 1.64417816e+02,
    2.42966461e+02, 1.65268204e+02, 2.08125046e+02, 1.71151108e+02,
    2.16522583e+02, 1.72173233e+02, 2.24857574e+02, 1.73004150e+02,
    2.33666412e+02, 1.73998672e+02, 2.42433868e+02, 1.74925308e+02,
    2.07639343e+02, 1.80442123e+02, 2.15839920e+02, 1.81522156e+02,
    2.24345062e+02, 1.82483109e+02, 2.32866867e+02, 1.83579285e+02,
    2.41700623e+02, 1.84598816e+02 ]
