%YAML:1.0
---
points: [ 7.48385437e+02, 2.97578735e+02, 7.74417664e+02, 2.97945831e+02,
    8.00552979e+02, 2.98398804e+02, 8.26956299e+02, 2.98661652e+02,
    8.53576477e+02, 2.98987305e+02, 7.48693970e+02, 3.25481018e+02,
    7.74659973e+02, 3.25877075e+02, 8.00807678e+02, 3.26397858e+02,
    8.27074402e+02, 3.26897461e+02, 8.53576721e+02, 3.27372284e+02,
    7.49114990e+02, 3.53132935e+02, 7.74816589e+02, 3.53717834e+02,
    8.00925842e+02, 3.54345306e+02, 8.27150024e+02, 3.54739502e+02,
    8.53505127e+02, 3.55304108e+02, 7.49480103e+02, 3.80437408e+02,
    7.75278381e+02, 3.81112000e+02, 8.01136963e+02, 3.81692291e+02,
    8.27266846e+02, 3.82330627e+02, 8.53500366e+02, 3.82823456e+02,
    7.49795532e+02, 4.07525299e+02, 7.75514404e+02, 4.08213654e+02,
    8.01403870e+02, 4.08806976e+02, 8.27386475e+02, 4.09610565e+02,
    8.53548401e+02, 4.10388245e+02, 7.50264771e+02, 4.34342834e+02,
    7.75756287e+02, 4.35227783e+02, 8.01583557e+02, 4.35986511e+02,
    8.27536438e+02, 4.36762726e+02, 8.53623596e+02, 4.37720703e+02,
    7.50595764e+02, 4.61165070e+02, 7.76092407e+02, 4.62031158e+02,
    8.01677185e+02, 4.62938141e+02, 8.27623352e+02, 4.63901733e+02,
    8.53596741e+02, 4.64784058e+02 ]
