%YAML:1.0
---
points: [ 2.32821671e+02, 1.26212105e+02, 2.41298264e+02, 1.26721939e+02,
    2.49765717e+02, 1.27292816e+02, 2.58536255e+02, 1.27772217e+02,
    2.67351044e+02, 1.28441330e+02, 2.32187576e+02, 1.35552750e+02,
    2.40602539e+02, 1.36193497e+02, 2.48962128e+02, 1.36776489e+02,
    2.57696289e+02, 1.37453156e+02, 2.66501678e+02, 1.38002045e+02,
    2.31589325e+02, 1.44787277e+02, 2.39776413e+02, 1.45538071e+02,
    2.48215683e+02, 1.46154526e+02, 2.56804016e+02, 1.46842209e+02,
    2.65636627e+02, 1.47611313e+02, 2.30833221e+02, 1.53844360e+02,
    2.39001312e+02, 1.54724838e+02, 2.47549606e+02, 1.55511520e+02,
    2.55930359e+02, 1.56257889e+02, 2.64758301e+02, 1.56969269e+02,
    2.30138611e+02, 1.63001083e+02, 2.38469620e+02, 1.63789078e+02,
    2.46772720e+02, 1.64710388e+02, 2.55314972e+02, 1.65596252e+02,
    2.63874817e+02, 1.66433670e+02, 2.29607529e+02, 1.71973816e+02,
    2.37748917e+02, 1.72924789e+02, 2.45988724e+02, 1.73823456e+02,
    2.54602997e+02, 1.74758423e+02, 2.63163483e+02, 1.75732452e+02,
    2.28808487e+02, 1.80882431e+02, 2.37003845e+02, 1.81871582e+02,
    2.45330811e+02, 1.82888428e+02, 2.53777222e+02, 1.83864349e+02,
    2.62416931e+02, 1.84919754e+02 ]
