%YAML:1.0
---
points: [ 4.66560089e+02, 5.04278412e+02, 4.98180084e+02, 5.05048889e+02,
    5.29004822e+02, 5.05719635e+02, 5.59565491e+02, 5.06467163e+02,
    5.89792053e+02, 5.07226959e+02, 4.65878235e+02, 5.33203186e+02,
    4.97487854e+02, 5.33631042e+02, 5.28497864e+02, 5.34091309e+02,
    5.59063843e+02, 5.34494080e+02, 5.89236816e+02, 5.35034973e+02,
    4.65255219e+02, 5.61766235e+02, 4.96809113e+02, 5.62165405e+02,
    5.27812927e+02, 5.62442810e+02, 5.58436768e+02, 5.62581482e+02,
    5.88469788e+02, 5.62794556e+02, 4.64596313e+02, 5.90699524e+02,
    4.96237396e+02, 5.90744080e+02, 5.27250610e+02, 5.90705750e+02,
    5.57824341e+02, 5.90763550e+02, 5.87799255e+02, 5.90797546e+02,
    4.63916138e+02, 6.19460693e+02, 4.95522980e+02, 6.19370850e+02,
    5.26574341e+02, 6.19190613e+02, 5.57189209e+02, 6.18913391e+02,
    5.87223572e+02, 6.18738159e+02, 4.63244385e+02, 6.48451111e+02,
    4.94797180e+02, 6.48031616e+02, 5.25830811e+02, 6.47563049e+02,
    5.56400574e+02, 6.46981506e+02, 5.86615723e+02, 6.46540161e+02,
    4.62315216e+02, 6.77242188e+02, 4.94016693e+02, 6.76688110e+02,
    5.25128357e+02, 6.76077637e+02, 5.55693665e+02, 6.75425720e+02,
    5.86071411e+02, 6.74800354e+02 ]
