%YAML:1.0
---
points: [ 1.84960983e+02, 1.27149734e+02, 1.94067963e+02, 1.27332169e+02,
    2.03189926e+02, 1.27552429e+02, 2.12485611e+02, 1.27648392e+02,
    2.21739777e+02, 1.27691025e+02, 1.85153152e+02, 1.36746948e+02,
    1.94155228e+02, 1.36876022e+02, 2.03262253e+02, 1.37010040e+02,
    2.12516739e+02, 1.37292343e+02, 2.21700989e+02, 1.37519806e+02,
    1.85327103e+02, 1.46381912e+02, 1.94308548e+02, 1.46614212e+02,
    2.03314194e+02, 1.46722672e+02, 2.12447815e+02, 1.46809052e+02,
    2.21647690e+02, 1.46957458e+02, 1.85548416e+02, 1.55718842e+02,
    1.94376236e+02, 1.55843658e+02, 2.03336395e+02, 1.56121964e+02,
    2.12469742e+02, 1.56474838e+02, 2.21640488e+02, 1.56637268e+02,
    1.85637848e+02, 1.64973022e+02, 1.94535873e+02, 1.65396225e+02,
    2.03454193e+02, 1.65694092e+02, 2.12451691e+02, 1.65771469e+02,
    2.21613831e+02, 1.66025543e+02, 1.85681076e+02, 1.74409195e+02,
    1.94628143e+02, 1.74736542e+02, 2.03484833e+02, 1.74789932e+02,
    2.12557251e+02, 1.75166061e+02, 2.21614182e+02, 1.75585220e+02,
    1.85740051e+02, 1.83618896e+02, 1.94633224e+02, 1.83757736e+02,
    2.03608185e+02, 1.84166077e+02, 2.12540588e+02, 1.84583389e+02,
    2.21555222e+02, 1.84749252e+02 ]
