%YAML:1.0
---
points: [ 2.34667145e+02, 1.28041946e+02, 2.43451981e+02, 1.28142792e+02,
    2.52296402e+02, 1.28282654e+02, 2.61279724e+02, 1.28339584e+02,
    2.70560425e+02, 1.28455948e+02, 2.34612411e+02, 1.37593033e+02,
    2.43198883e+02, 1.37680588e+02, 2.51939178e+02, 1.37721359e+02,
    2.60884247e+02, 1.37816605e+02, 2.70083130e+02, 1.37890121e+02,
    2.34363480e+02, 1.46772537e+02, 2.42897644e+02, 1.46925140e+02,
    2.51779388e+02, 1.47176239e+02, 2.60748749e+02, 1.47425339e+02,
    2.69762360e+02, 1.47655457e+02, 2.34141235e+02, 1.55921417e+02,
    2.42819580e+02, 1.56272079e+02, 2.51715088e+02, 1.56607773e+02,
    2.60662720e+02, 1.56715515e+02, 2.69663055e+02, 1.56815460e+02,
    2.33934113e+02, 1.65073059e+02, 2.42721802e+02, 1.65571136e+02,
    2.51614227e+02, 1.65733536e+02, 2.60328339e+02, 1.65941071e+02,
    2.69284882e+02, 1.66399704e+02, 2.33863846e+02, 1.74192261e+02,
    2.42682022e+02, 1.74659241e+02, 2.51225311e+02, 1.74824463e+02,
    2.59938019e+02, 1.75250168e+02, 2.68911621e+02, 1.75691635e+02,
    2.33752792e+02, 1.83191025e+02, 2.42447388e+02, 1.83646484e+02,
    2.50922073e+02, 1.83912567e+02, 2.59771545e+02, 1.84481674e+02,
    2.68768555e+02, 1.84762314e+02 ]
