%YAML:1.0
---
points: [ 2.31663925e+02, 1.25059654e+02, 2.39880478e+02, 1.25671730e+02,
    2.48618210e+02, 1.26064598e+02, 2.57226166e+02, 1.26665977e+02,
    2.66014526e+02, 1.27185913e+02, 2.30938599e+02, 1.34543137e+02,
    2.39380081e+02, 1.34972580e+02, 2.47795074e+02, 1.35674225e+02,
    2.56545624e+02, 1.36280182e+02, 2.65226532e+02, 1.36820923e+02,
    2.30318359e+02, 1.43691269e+02, 2.38672867e+02, 1.44387589e+02,
    2.46961044e+02, 1.45014954e+02, 2.55687485e+02, 1.45717545e+02,
    2.64427094e+02, 1.46403641e+02, 2.29737976e+02, 1.52827774e+02,
    2.37852600e+02, 1.53602417e+02, 2.46345993e+02, 1.54354172e+02,
    2.54840698e+02, 1.55086731e+02, 2.63643616e+02, 1.55789185e+02,
    2.29022522e+02, 1.61862244e+02, 2.37280441e+02, 1.62720581e+02,
    2.45661240e+02, 1.63571487e+02, 2.54140167e+02, 1.64426971e+02,
    2.62796173e+02, 1.65262421e+02, 2.28508087e+02, 1.70893295e+02,
    2.36711197e+02, 1.71880096e+02, 2.44913498e+02, 1.72722061e+02,
    2.53589462e+02, 1.73622223e+02, 2.62041656e+02, 1.74538757e+02,
    2.27793335e+02, 1.79853546e+02, 2.35943085e+02, 1.80805862e+02,
    2.44310638e+02, 1.81780624e+02, 2.52721390e+02, 1.82721802e+02,
    2.61373688e+02, 1.83760101e+02 ]
