%YAML:1.0
---
points: [ 8.94084778e+02, 6.80917297e+02, 8.68461182e+02, 6.90908325e+02,
    8.42674805e+02, 7.00835999e+02, 8.16721252e+02, 7.10915344e+02,
    7.90469238e+02, 7.20998596e+02, 8.84572571e+02, 6.55523315e+02,
    8.59153320e+02, 6.65308777e+02, 8.33406921e+02, 6.75124817e+02,
    8.07391174e+02, 6.85115356e+02, 7.80983765e+02, 6.95170898e+02,
    8.75417786e+02, 6.30230103e+02, 8.49776123e+02, 6.39794434e+02,
    8.23984924e+02, 6.49539368e+02, 7.98078613e+02, 6.59384766e+02,
    7.71578430e+02, 6.69291138e+02, 8.66062744e+02, 6.04735046e+02,
    8.40406128e+02, 6.14424805e+02, 8.14564697e+02, 6.23822144e+02,
    7.88542114e+02, 6.33544739e+02, 7.62217651e+02, 6.43418091e+02,
    8.56642517e+02, 5.79474426e+02, 8.31018494e+02, 5.88888123e+02,
    8.05290466e+02, 5.98428650e+02, 7.79234375e+02, 6.07978210e+02,
    7.52758179e+02, 6.17674255e+02, 8.47377136e+02, 5.54199829e+02,
    8.21623901e+02, 5.63506897e+02, 7.95758972e+02, 5.72846558e+02,
    7.69733276e+02, 5.82320374e+02, 7.43329773e+02, 5.91877869e+02,
    8.37987976e+02, 5.28779968e+02, 8.12273132e+02, 5.38051575e+02,
    7.86442322e+02, 5.47372131e+02, 7.60328979e+02, 5.56536438e+02,
    7.33792297e+02, 5.66145813e+02 ]
