%YAML:1.0
---
points: [ 8.92892456e+02, 3.00540375e+02, 9.18281067e+02, 3.00766632e+02,
    9.43775879e+02, 3.00940735e+02, 9.69587280e+02, 3.01250519e+02,
    9.95867615e+02, 3.01475037e+02, 8.92572388e+02, 3.27792084e+02,
    9.17862671e+02, 3.28247131e+02, 9.43375244e+02, 3.28570129e+02,
    9.69075623e+02, 3.28893524e+02, 9.95273071e+02, 3.29333282e+02,
    8.92345581e+02, 3.54614838e+02, 9.17498474e+02, 3.55184631e+02,
    9.42775146e+02, 3.55677551e+02, 9.68505798e+02, 3.56294342e+02,
    9.94446899e+02, 3.56734436e+02, 8.92187622e+02, 3.81343262e+02,
    9.17130127e+02, 3.81897583e+02, 9.42402649e+02, 3.82615082e+02,
    9.67836182e+02, 3.83337280e+02, 9.93672668e+02, 3.84146484e+02,
    8.91833313e+02, 4.07760101e+02, 9.16698730e+02, 4.08596741e+02,
    9.41892456e+02, 4.09439362e+02, 9.67286377e+02, 4.10401062e+02,
    9.93066956e+02, 4.11401245e+02, 8.91561096e+02, 4.34022827e+02,
    9.16363586e+02, 4.35098969e+02, 9.41469116e+02, 4.36186249e+02,
    9.66794983e+02, 4.37192108e+02, 9.92510620e+02, 4.38295441e+02,
    8.91298645e+02, 4.60269257e+02, 9.16002808e+02, 4.61412506e+02,
    9.40879700e+02, 4.62555573e+02, 9.66269287e+02, 4.63826477e+02,
    9.91865540e+02, 4.65104431e+02 ]
