%YAML:1.0
---
points: [ 1.00809467e+03, 3.01348450e+02, 1.03344983e+03, 3.01487579e+02,
    1.05918420e+03, 3.01651978e+02, 1.08532654e+03, 3.01856537e+02,
    1.11186133e+03, 3.02049866e+02, 1.00738470e+03, 3.28347900e+02,
    1.03263647e+03, 3.28663605e+02, 1.05827515e+03, 3.29051788e+02,
    1.08423584e+03, 3.29460083e+02, 1.11064355e+03, 3.29747101e+02,
    1.00660785e+03, 3.54929016e+02, 1.03164001e+03, 3.55564453e+02,
    1.05713318e+03, 3.56287323e+02, 1.08293079e+03, 3.56730133e+02,
    1.10934863e+03, 3.57424469e+02, 1.00579926e+03, 3.81469757e+02,
    1.03083215e+03, 3.82279572e+02, 1.05612622e+03, 3.82945648e+02,
    1.08182166e+03, 3.83722900e+02, 1.10813293e+03, 3.84742432e+02,
    1.00511273e+03, 4.07718994e+02, 1.02976709e+03, 4.08674988e+02,
    1.05514807e+03, 4.09665497e+02, 1.08077942e+03, 4.10899048e+02,
    1.10699829e+03, 4.11858459e+02, 1.00433563e+03, 4.33791840e+02,
    1.02903308e+03, 4.34916870e+02, 1.05430859e+03, 4.36282349e+02,
    1.07994641e+03, 4.37541382e+02, 1.10604236e+03, 4.38748932e+02,
    1.00344537e+03, 4.59833923e+02, 1.02823413e+03, 4.61254944e+02,
    1.05337585e+03, 4.62566650e+02, 1.07881458e+03, 4.64144806e+02,
    1.10475781e+03, 4.65536713e+02 ]
