%YAML:1.0
---
points: [ 2.23852859e+02, 1.24333778e+02, 2.32383514e+02, 1.24806389e+02,
    2.40836563e+02, 1.25381485e+02, 2.49547562e+02, 1.25840202e+02,
    2.58312347e+02, 1.26480400e+02, 2.23461761e+02, 1.33571594e+02,
    2.31744217e+02, 1.34097610e+02, 2.40184570e+02, 1.34718018e+02,
    2.48765884e+02, 1.35340408e+02, 2.57616333e+02, 1.35840057e+02,
    2.22783142e+02, 1.42700897e+02, 2.31025009e+02, 1.43334213e+02,
    2.39633820e+02, 1.43899445e+02, 2.47980698e+02, 1.44659592e+02,
    2.56760559e+02, 1.45321823e+02, 2.22271591e+02, 1.51675766e+02,
    2.30604416e+02, 1.52401917e+02, 2.38819168e+02, 1.53053711e+02,
    2.47483719e+02, 1.53828613e+02, 2.56011169e+02, 1.54621140e+02,
    2.21753159e+02, 1.60653305e+02, 2.29850327e+02, 1.61459442e+02,
    2.38256531e+02, 1.62207062e+02, 2.46745956e+02, 1.62921310e+02,
    2.55407089e+02, 1.63759369e+02, 2.21114960e+02, 1.69578857e+02,
    2.29332138e+02, 1.70381104e+02, 2.37704193e+02, 1.71179886e+02,
    2.46037582e+02, 1.72074371e+02, 2.54712479e+02, 1.72803833e+02,
    2.20654144e+02, 1.78366348e+02, 2.28763870e+02, 1.79282761e+02,
    2.36910370e+02, 1.80123016e+02, 2.45496124e+02, 1.81014069e+02,
    2.53892334e+02, 1.81988983e+02 ]
