%YAML:1.0
---
points: [ 1.11102173e+03, 5.93316467e+02, 1.08541895e+03, 6.02341064e+02,
    1.06016406e+03, 6.11328125e+02, 1.03478186e+03, 6.20267822e+02,
    1.00940680e+03, 6.29022522e+02, 1.10175195e+03, 5.67764404e+02,
    1.07636328e+03, 5.76819824e+02, 1.05106348e+03, 5.85813110e+02,
    1.02570203e+03, 5.94716431e+02, 1.00037909e+03, 6.03634827e+02,
    1.09272180e+03, 5.42453064e+02, 1.06734558e+03, 5.51384399e+02,
    1.04204480e+03, 5.60374268e+02, 1.01671692e+03, 5.69448853e+02,
    9.91400024e+02, 5.78399719e+02, 1.08362903e+03, 5.16905579e+02,
    1.05826672e+03, 5.25867371e+02, 1.03283447e+03, 5.34985291e+02,
    1.00761096e+03, 5.43918213e+02, 9.82443604e+02, 5.52923584e+02,
    1.07453174e+03, 4.91485260e+02, 1.04918298e+03, 5.00654022e+02,
    1.02371307e+03, 5.09681488e+02, 9.98579773e+02, 5.18668213e+02,
    9.73411987e+02, 5.27622742e+02, 1.06548914e+03, 4.66153076e+02,
    1.04008191e+03, 4.75318573e+02, 1.01467273e+03, 4.84423737e+02,
    9.89639343e+02, 4.93444763e+02, 9.64365356e+02, 5.02466125e+02,
    1.05623584e+03, 4.40683716e+02, 1.03082996e+03, 4.49798218e+02,
    1.00563055e+03, 4.58761719e+02, 9.80473267e+02, 4.67926392e+02,
    9.55305054e+02, 4.77250275e+02 ]
