%YAML:1.0
---
points: [ 2.74146912e+02, 1.28285660e+02, 2.82964630e+02, 1.28334000e+02,
    2.91916229e+02, 1.28391617e+02, 3.01104004e+02, 1.28371124e+02,
    3.10594818e+02, 1.28428207e+02, 2.73797333e+02, 1.37647934e+02,
    2.82732880e+02, 1.37737701e+02, 2.91643188e+02, 1.37786011e+02,
    3.00739410e+02, 1.37838470e+02, 3.09884796e+02, 1.37891022e+02,
    2.73615509e+02, 1.46796707e+02, 2.82306854e+02, 1.46894577e+02,
    2.91136169e+02, 1.47128250e+02, 3.00197144e+02, 1.47414078e+02,
    3.09570435e+02, 1.47644775e+02, 2.73201080e+02, 1.55857361e+02,
    2.81859436e+02, 1.56244614e+02, 2.90779358e+02, 1.56608383e+02,
    2.99798767e+02, 1.56709229e+02, 3.08881836e+02, 1.56813934e+02,
    2.72781464e+02, 1.64964462e+02, 2.81634430e+02, 1.65428009e+02,
    2.90433044e+02, 1.65701553e+02, 2.99401703e+02, 1.65901855e+02,
    3.08569641e+02, 1.66415466e+02, 2.72662964e+02, 1.73917267e+02,
    2.81172028e+02, 1.74594757e+02, 2.89875946e+02, 1.74815140e+02,
    2.98882111e+02, 1.75229309e+02, 3.07954285e+02, 1.75694565e+02,
    2.72259094e+02, 1.82882065e+02, 2.80818024e+02, 1.83563644e+02,
    2.89690063e+02, 1.83839127e+02, 2.98602814e+02, 1.84461563e+02,
    3.07667786e+02, 1.84791428e+02 ]
