%YAML:1.0
---
points: [ 2.35652359e+02, 1.24145424e+02, 2.43828995e+02, 1.24686134e+02,
    2.52319443e+02, 1.25190109e+02, 2.60785919e+02, 1.25701904e+02,
    2.69627197e+02, 1.26202423e+02, 2.34932678e+02, 1.33127808e+02,
    2.43225784e+02, 1.33766083e+02, 2.51655228e+02, 1.34363754e+02,
    2.60035492e+02, 1.34895081e+02, 2.68726624e+02, 1.35526062e+02,
    2.34463730e+02, 1.42174988e+02, 2.42642853e+02, 1.42762695e+02,
    2.50855820e+02, 1.43387482e+02, 2.59414581e+02, 1.43884628e+02,
    2.67838165e+02, 1.44665527e+02, 2.33797562e+02, 1.50873199e+02,
    2.41873917e+02, 1.51685104e+02, 2.50263824e+02, 1.52371552e+02,
    2.58696503e+02, 1.52985245e+02, 2.67215607e+02, 1.53694717e+02,
    2.33170593e+02, 1.59718185e+02, 2.41406967e+02, 1.60512161e+02,
    2.49678406e+02, 1.61241089e+02, 2.57923737e+02, 1.61913574e+02,
    2.66596680e+02, 1.62737961e+02, 2.32702576e+02, 1.68447876e+02,
    2.40768570e+02, 1.69268005e+02, 2.48895660e+02, 1.69936829e+02,
    2.57351471e+02, 1.70809830e+02, 2.65753723e+02, 1.71654205e+02,
    2.31985199e+02, 1.77086655e+02, 2.40080368e+02, 1.77858856e+02,
    2.48339157e+02, 1.78756699e+02, 2.56698761e+02, 1.79649826e+02,
    2.64971680e+02, 1.80523636e+02 ]
