%YAML:1.0
---
points: [ 8.34390137e+02, 6.91432800e+02, 8.08270325e+02, 7.01882629e+02,
    7.81834412e+02, 7.12546936e+02, 7.55277588e+02, 7.23296570e+02,
    7.27906799e+02, 7.34323364e+02, 8.24745605e+02, 6.65697876e+02,
    7.98553162e+02, 6.76060852e+02, 7.72224365e+02, 6.86478271e+02,
    7.45421692e+02, 6.97007080e+02, 7.18093811e+02, 7.07729797e+02,
    8.15200684e+02, 6.40045288e+02, 7.88794434e+02, 6.50266357e+02,
    7.62424316e+02, 6.60460999e+02, 7.35571045e+02, 6.70795593e+02,
    7.08342041e+02, 6.81408508e+02, 8.05423950e+02, 6.14399231e+02,
    7.79285767e+02, 6.24341980e+02, 7.52599915e+02, 6.34422729e+02,
    7.25777771e+02, 6.44600952e+02, 6.98395264e+02, 6.55000488e+02,
    7.95738892e+02, 5.88767761e+02, 7.69409729e+02, 5.98517151e+02,
    7.42851074e+02, 6.08523865e+02, 7.15925903e+02, 6.18537415e+02,
    6.88473328e+02, 6.28706116e+02, 7.86118103e+02, 5.63196472e+02,
    7.59636719e+02, 5.72826416e+02, 7.33115479e+02, 5.82467468e+02,
    7.06275513e+02, 5.92374146e+02, 6.78585266e+02, 6.02424927e+02,
    7.76436218e+02, 5.37441040e+02, 7.49914001e+02, 5.46934143e+02,
    7.23354370e+02, 5.56478638e+02, 6.96295471e+02, 5.66162415e+02,
    6.68735046e+02, 5.75992981e+02 ]
