%YAML:1.0
---
points: [ 2.68497742e+02, 1.28078979e+02, 2.77214966e+02, 1.28123291e+02,
    2.86122742e+02, 1.28125244e+02, 2.95191315e+02, 1.28214981e+02,
    3.04589386e+02, 1.28217300e+02, 2.68065155e+02, 1.37524445e+02,
    2.76811890e+02, 1.37685333e+02, 2.85764648e+02, 1.37642044e+02,
    2.94788452e+02, 1.37732620e+02, 3.03920746e+02, 1.37763672e+02,
    2.67778503e+02, 1.46684769e+02, 2.76650269e+02, 1.46729385e+02,
    2.85598083e+02, 1.46833649e+02, 2.94510895e+02, 1.46964783e+02,
    3.03614319e+02, 1.47197784e+02, 2.67664917e+02, 1.55663818e+02,
    2.76313446e+02, 1.55834518e+02, 2.84955292e+02, 1.56105682e+02,
    2.93920410e+02, 1.56376282e+02, 3.03071808e+02, 1.56628418e+02,
    2.67298950e+02, 1.64696136e+02, 2.75859985e+02, 1.64876663e+02,
    2.84740540e+02, 1.65289551e+02, 2.93672302e+02, 1.65658112e+02,
    3.02782349e+02, 1.65847198e+02, 2.66907867e+02, 1.73685806e+02,
    2.75675476e+02, 1.73898605e+02, 2.84483643e+02, 1.74378616e+02,
    2.93297821e+02, 1.74706512e+02, 3.02388275e+02, 1.74842987e+02,
    2.66754883e+02, 1.82578262e+02, 2.75404236e+02, 1.82828262e+02,
    2.83961731e+02, 1.83366196e+02, 2.92857697e+02, 1.83741089e+02,
    3.01863251e+02, 1.84118347e+02 ]
