%YAML:1.0
---
points: [ 9.91695374e+02, 3.00859283e+02, 1.01710645e+03, 3.01009552e+02,
    1.04272546e+03, 3.01246613e+02, 1.06863513e+03, 3.01393188e+02,
    1.09509399e+03, 3.01577942e+02, 9.91135071e+02, 3.27726959e+02,
    1.01631903e+03, 3.28084564e+02, 1.04171228e+03, 3.28460297e+02,
    1.06765466e+03, 3.28724030e+02, 1.09392224e+03, 3.29111786e+02,
    9.90420776e+02, 3.54345459e+02, 1.01554260e+03, 3.54750946e+02,
    1.04085840e+03, 3.55341125e+02, 1.06656738e+03, 3.55805847e+02,
    1.09275842e+03, 3.56377167e+02, 9.89731995e+02, 3.80519958e+02,
    1.01473950e+03, 3.81291016e+02, 1.03990930e+03, 3.81910522e+02,
    1.06564209e+03, 3.82583069e+02, 1.09169189e+03, 3.83302063e+02,
    9.89181030e+02, 4.06639343e+02, 1.01390753e+03, 4.07533936e+02,
    1.03919861e+03, 4.08372314e+02, 1.06472644e+03, 4.09251129e+02,
    1.09077075e+03, 4.10246307e+02, 9.88496277e+02, 4.32574829e+02,
    1.01317963e+03, 4.33617706e+02, 1.03846033e+03, 4.34661072e+02,
    1.06400085e+03, 4.35716217e+02, 1.08991772e+03, 4.36878876e+02,
    9.87788818e+02, 4.58378174e+02, 1.01247906e+03, 4.59661316e+02,
    1.03764026e+03, 4.60812134e+02, 1.06310999e+03, 4.62098969e+02,
    1.08884924e+03, 4.63434937e+02 ]
