%YAML:1.0
---
points: [ 1.18042334e+03, 4.63706299e+02, 1.15415112e+03, 4.62273468e+02,
    1.12833105e+03, 4.60876892e+02, 1.10282312e+03, 4.59647797e+02,
    1.07785632e+03, 4.58310547e+02, 1.18179529e+03, 4.37150909e+02,
    1.15538416e+03, 4.35904968e+02, 1.12949585e+03, 4.34727051e+02,
    1.10400867e+03, 4.33645386e+02, 1.07887537e+03, 4.32554352e+02,
    1.18327246e+03, 4.10471344e+02, 1.15668530e+03, 4.09503113e+02,
    1.13061926e+03, 4.08540192e+02, 1.10519934e+03, 4.07647522e+02,
    1.07986523e+03, 4.06693634e+02, 1.18464771e+03, 3.83562103e+02,
    1.15806702e+03, 3.82738312e+02, 1.13192554e+03, 3.82139801e+02,
    1.10629932e+03, 3.81440125e+02, 1.08083948e+03, 3.80704102e+02,
    1.18605737e+03, 3.56508850e+02, 1.15934912e+03, 3.56065857e+02,
    1.13315430e+03, 3.55544373e+02, 1.10725879e+03, 3.54969116e+02,
    1.08176221e+03, 3.54479492e+02, 1.18752185e+03, 3.29390137e+02,
    1.16066406e+03, 3.29008759e+02, 1.13432397e+03, 3.28699432e+02,
    1.10842212e+03, 3.28432953e+02, 1.08283789e+03, 3.28010254e+02,
    1.18917688e+03, 3.01717804e+02, 1.16204443e+03, 3.01626190e+02,
    1.13560144e+03, 3.01559174e+02, 1.10963660e+03, 3.01436005e+02,
    1.08391553e+03, 3.01358429e+02 ]
