%YAML:1.0
---
points: [ 2.50656204e+02, 1.25298874e+02, 2.58782288e+02, 1.25732613e+02,
    2.66918823e+02, 1.26210617e+02, 2.75437805e+02, 1.26740883e+02,
    2.83868744e+02, 1.27205849e+02, 2.49938263e+02, 1.33929489e+02,
    2.58082458e+02, 1.34655807e+02, 2.66352020e+02, 1.35065979e+02,
    2.74673462e+02, 1.35664017e+02, 2.83120941e+02, 1.36115173e+02,
    2.49380127e+02, 1.42750473e+02, 2.57506866e+02, 1.43221680e+02,
    2.65711975e+02, 1.43800110e+02, 2.73871735e+02, 1.44450073e+02,
    2.82318512e+02, 1.44972015e+02, 2.48754791e+02, 1.51218399e+02,
    2.56776489e+02, 1.51861023e+02, 2.64878937e+02, 1.52586304e+02,
    2.73168243e+02, 1.53202682e+02, 2.81601044e+02, 1.53758148e+02,
    2.48072845e+02, 1.59751465e+02, 2.56103607e+02, 1.60483536e+02,
    2.64272766e+02, 1.61117950e+02, 2.72511749e+02, 1.61804886e+02,
    2.80799408e+02, 1.62549500e+02, 2.47607178e+02, 1.68164490e+02,
    2.55636688e+02, 1.68887482e+02, 2.63661102e+02, 1.69651291e+02,
    2.71770630e+02, 1.70389328e+02, 2.80091980e+02, 1.71067154e+02,
    2.46840561e+02, 1.76502747e+02, 2.54860474e+02, 1.77321335e+02,
    2.62847229e+02, 1.78115082e+02, 2.71074829e+02, 1.78834885e+02,
    2.79406433e+02, 1.79719818e+02 ]
