%YAML:1.0
---
points: [ 8.29811646e+02, 6.96641602e+02, 8.03728455e+02, 7.07411438e+02,
    7.77297852e+02, 7.18329346e+02, 7.50398621e+02, 7.29352783e+02,
    7.22760498e+02, 7.40620544e+02, 8.20199707e+02, 6.70789124e+02,
    7.94030823e+02, 6.81347168e+02, 7.67439148e+02, 6.91913086e+02,
    7.40485413e+02, 7.02714233e+02, 7.12802246e+02, 7.13848755e+02,
    8.10494995e+02, 6.45063965e+02, 7.84200806e+02, 6.55303223e+02,
    7.57601929e+02, 6.65693604e+02, 7.30606445e+02, 6.76319336e+02,
    7.02846802e+02, 6.87211487e+02, 8.00729126e+02, 6.19253296e+02,
    7.74499390e+02, 6.29311584e+02, 7.47705444e+02, 6.39494446e+02,
    7.20620728e+02, 6.49740784e+02, 6.92826294e+02, 6.60421387e+02,
    7.91098694e+02, 5.93503479e+02, 7.64606567e+02, 6.03331116e+02,
    7.37866211e+02, 6.13319641e+02, 7.10691406e+02, 6.23451172e+02,
    6.82873535e+02, 6.33800110e+02, 7.81314575e+02, 5.67705750e+02,
    7.54871765e+02, 5.77443237e+02, 7.28072632e+02, 5.87178955e+02,
    7.00776550e+02, 5.97074890e+02, 6.72883606e+02, 6.07265930e+02,
    7.71467102e+02, 5.41905273e+02, 7.45015198e+02, 5.51347473e+02,
    7.18108704e+02, 5.60814697e+02, 6.90761475e+02, 5.70597351e+02,
    6.62853333e+02, 5.80499023e+02 ]
