%YAML:1.0
---
points: [ 3.00080750e+02, 1.28145325e+02, 3.09123657e+02, 1.28098892e+02,
    3.18324524e+02, 1.28171707e+02, 3.27599884e+02, 1.28100784e+02,
    3.36892059e+02, 1.28128815e+02, 2.99741455e+02, 1.37559357e+02,
    3.08710083e+02, 1.37630539e+02, 3.17750000e+02, 1.37637833e+02,
    3.26891632e+02, 1.37744370e+02, 3.36461548e+02, 1.37741058e+02,
    2.99316803e+02, 1.46673645e+02, 3.08190460e+02, 1.46692902e+02,
    3.17293701e+02, 1.46819901e+02, 3.26451233e+02, 1.46884445e+02,
    3.35796509e+02, 1.47116531e+02, 2.98867889e+02, 1.55677597e+02,
    3.07744720e+02, 1.55835144e+02, 3.16769318e+02, 1.55946472e+02,
    3.25833405e+02, 1.56307922e+02, 3.35302338e+02, 1.56543121e+02,
    2.98565704e+02, 1.64671371e+02, 3.07324066e+02, 1.64809738e+02,
    3.16261108e+02, 1.65191483e+02, 3.25370026e+02, 1.65626389e+02,
    3.34745117e+02, 1.65864700e+02, 2.97987732e+02, 1.73650589e+02,
    3.06819031e+02, 1.73858459e+02, 3.15761780e+02, 1.74262360e+02,
    3.24850067e+02, 1.74686752e+02, 3.34124390e+02, 1.74870316e+02,
    2.97708710e+02, 1.82428268e+02, 3.06458832e+02, 1.82785538e+02,
    3.15359558e+02, 1.83263336e+02, 3.24387207e+02, 1.83731949e+02,
    3.33665100e+02, 1.84134827e+02 ]
