%YAML:1.0
---
points: [ 2.30330917e+02, 1.23728523e+02, 2.38461426e+02, 1.24140419e+02,
    2.46588348e+02, 1.24663345e+02, 2.54723816e+02, 1.25101631e+02,
    2.62933655e+02, 1.25701897e+02, 2.29782501e+02, 1.32223145e+02,
    2.37795746e+02, 1.32780167e+02, 2.45876907e+02, 1.33309494e+02,
    2.54055710e+02, 1.33810852e+02, 2.62452850e+02, 1.34365784e+02,
    2.29341019e+02, 1.40726746e+02, 2.37349808e+02, 1.41267578e+02,
    2.45451462e+02, 1.41782211e+02, 2.53597534e+02, 1.42440506e+02,
    2.61779419e+02, 1.42916656e+02, 2.28804565e+02, 1.49020432e+02,
    2.36757965e+02, 1.49704834e+02, 2.44811676e+02, 1.50291061e+02,
    2.52814148e+02, 1.50848984e+02, 2.61085358e+02, 1.51457001e+02,
    2.28389786e+02, 1.57398941e+02, 2.36316254e+02, 1.57927078e+02,
    2.44277298e+02, 1.58685883e+02, 2.52435730e+02, 1.59300110e+02,
    2.60639221e+02, 1.59939774e+02, 2.27816742e+02, 1.65709122e+02,
    2.35772049e+02, 1.66354172e+02, 2.43781113e+02, 1.66910294e+02,
    2.51748703e+02, 1.67644638e+02, 2.59900177e+02, 1.68219513e+02,
    2.27531158e+02, 1.73830322e+02, 2.35324265e+02, 1.74577637e+02,
    2.43210495e+02, 1.75218918e+02, 2.51229919e+02, 1.75845215e+02,
    2.59320831e+02, 1.76684174e+02 ]
