%YAML:1.0
---
points: [ 1.21364343e+03, 2.93952667e+02, 1.18932996e+03, 3.07763184e+02,
    1.16566516e+03, 3.21258728e+02, 1.14244934e+03, 3.34343414e+02,
    1.11973694e+03, 3.47126099e+02, 1.20052771e+03, 2.69560730e+02,
    1.17639172e+03, 2.83670197e+02, 1.15261401e+03, 2.97443481e+02,
    1.12957239e+03, 3.10781464e+02, 1.10696545e+03, 3.23922668e+02,
    1.18741040e+03, 2.45079636e+02, 1.16314905e+03, 2.59527649e+02,
    1.13964111e+03, 2.73547119e+02, 1.11654944e+03, 2.87272430e+02,
    1.09414319e+03, 3.00606628e+02, 1.17395984e+03, 2.20333267e+02,
    1.14992249e+03, 2.35193069e+02, 1.12641418e+03, 2.49468872e+02,
    1.10357471e+03, 2.63457245e+02, 1.08118579e+03, 2.77249542e+02,
    1.16071680e+03, 1.95418884e+02, 1.13668860e+03, 2.10583069e+02,
    1.11337634e+03, 2.25337769e+02, 1.09049414e+03, 2.39607483e+02,
    1.06817529e+03, 2.53613937e+02, 1.14734314e+03, 1.70360764e+02,
    1.12347510e+03, 1.85841629e+02, 1.10007812e+03, 2.00815414e+02,
    1.07732922e+03, 2.15536957e+02, 1.05502795e+03, 2.29926056e+02,
    1.13384631e+03, 1.44985870e+02, 1.10992749e+03, 1.60845306e+02,
    1.08678333e+03, 1.76248474e+02, 1.06409570e+03, 1.91203217e+02,
    1.04180994e+03, 2.05937180e+02 ]
