%YAML:1.0
---
points: [ 3.45812042e+02, 1.25542809e+02, 3.37172729e+02, 1.30290634e+02,
    3.28708160e+02, 1.35030640e+02, 3.20535004e+02, 1.39462128e+02,
    3.12464752e+02, 1.43990601e+02, 3.41189423e+02, 1.17050873e+02,
    3.32642242e+02, 1.21996460e+02, 3.24296661e+02, 1.26749840e+02,
    3.16198059e+02, 1.31423126e+02, 3.08153656e+02, 1.36033279e+02,
    3.36775055e+02, 1.08645683e+02, 3.28195099e+02, 1.13607170e+02,
    3.19866119e+02, 1.18484146e+02, 3.11706665e+02, 1.23270073e+02,
    3.03727753e+02, 1.27969376e+02, 3.32183105e+02, 1.00060051e+02,
    3.23635284e+02, 1.05206955e+02, 3.15330963e+02, 1.10207230e+02,
    3.07264099e+02, 1.15146225e+02, 2.99346344e+02, 1.19839188e+02,
    3.27613892e+02, 9.14915390e+01, 3.19129517e+02, 9.67346725e+01,
    3.10901459e+02, 1.01846222e+02, 3.02815796e+02, 1.06839890e+02,
    2.94937378e+02, 1.11747658e+02, 3.23055359e+02, 8.28455658e+01,
    3.14587006e+02, 8.82239075e+01, 3.06358948e+02, 9.33674011e+01,
    2.98325531e+02, 9.85189209e+01, 2.90443665e+02, 1.03473953e+02,
    3.18391724e+02, 7.41113968e+01, 3.09990204e+02, 7.95647125e+01,
    3.01812897e+02, 8.49728699e+01, 2.93766113e+02, 9.01354294e+01,
    2.86008789e+02, 9.52713242e+01 ]
