%YAML:1.0
---
points: [ 9.15579956e+02, 6.66173584e+02, 8.90333374e+02, 6.76174072e+02,
    8.64819824e+02, 6.86396179e+02, 8.39039673e+02, 6.96655823e+02,
    8.12539612e+02, 7.07268860e+02, 9.06003479e+02, 6.40584473e+02,
    8.80714050e+02, 6.50542542e+02, 8.55260925e+02, 6.60531067e+02,
    8.29422546e+02, 6.70621094e+02, 8.02863281e+02, 6.81093994e+02,
    8.96605286e+02, 6.15289612e+02, 8.71336792e+02, 6.24846375e+02,
    8.45649658e+02, 6.34770569e+02, 8.19722473e+02, 6.44724121e+02,
    7.93213074e+02, 6.54924744e+02, 8.87274719e+02, 5.89662659e+02,
    8.61707947e+02, 5.99406311e+02, 8.35991150e+02, 6.08939514e+02,
    8.10107239e+02, 6.18783264e+02, 7.83468384e+02, 6.28742126e+02,
    8.77618652e+02, 5.64372742e+02, 8.52250366e+02, 5.73710754e+02,
    8.26533936e+02, 5.83308228e+02, 8.00398987e+02, 5.92875183e+02,
    7.73787048e+02, 6.02703552e+02, 8.68140076e+02, 5.38997925e+02,
    8.42675293e+02, 5.48260437e+02, 8.16848206e+02, 5.57563049e+02,
    7.90712891e+02, 5.67107605e+02, 7.63962402e+02, 5.76635315e+02,
    8.58630554e+02, 5.13532349e+02, 8.33054871e+02, 5.22620972e+02,
    8.07268982e+02, 5.31721680e+02, 7.81024780e+02, 5.41112915e+02,
    7.54396606e+02, 5.50558899e+02 ]
