%YAML:1.0
---
points: [ 1.19943921e+03, 5.50588806e+02, 1.17437305e+03, 5.59803894e+02,
    1.14941541e+03, 5.68994385e+02, 1.12439648e+03, 5.78245544e+02,
    1.09917151e+03, 5.87543274e+02, 1.19007471e+03, 5.25450989e+02,
    1.16512256e+03, 5.34570374e+02, 1.14017200e+03, 5.43751282e+02,
    1.11520947e+03, 5.52973938e+02, 1.08980750e+03, 5.62391907e+02,
    1.18103162e+03, 5.00266235e+02, 1.15581470e+03, 5.09494934e+02,
    1.13090137e+03, 5.18582642e+02, 1.10584229e+03, 5.27842712e+02,
    1.08062830e+03, 5.37172546e+02, 1.17169580e+03, 4.75190277e+02,
    1.14657251e+03, 4.84276886e+02, 1.12153833e+03, 4.93478241e+02,
    1.09656738e+03, 5.02646240e+02, 1.07142004e+03, 5.11910706e+02,
    1.16255005e+03, 4.49999542e+02, 1.13740710e+03, 4.59223846e+02,
    1.11235242e+03, 4.68405731e+02, 1.08741187e+03, 4.77587799e+02,
    1.06219348e+03, 4.86756348e+02, 1.15302832e+03, 4.24839294e+02,
    1.12808130e+03, 4.34034058e+02, 1.10302820e+03, 4.43342590e+02,
    1.07811206e+03, 4.52472229e+02, 1.05267859e+03, 4.61620697e+02,
    1.14376782e+03, 3.99682922e+02, 1.11868982e+03, 4.08781708e+02,
    1.09372913e+03, 4.18115753e+02, 1.06866614e+03, 4.27313660e+02,
    1.04358655e+03, 4.36462311e+02 ]
