%YAML:1.0
---
points: [ 2.47730042e+02, 1.23630676e+02, 2.55645981e+02, 1.23948334e+02,
    2.63641937e+02, 1.24589363e+02, 2.71592316e+02, 1.24880280e+02,
    2.79699585e+02, 1.25540276e+02, 2.47090302e+02, 1.31855804e+02,
    2.54918167e+02, 1.32449249e+02, 2.62883636e+02, 1.32818161e+02,
    2.70837830e+02, 1.33502380e+02, 2.78939026e+02, 1.33844559e+02,
    2.46705750e+02, 1.40091400e+02, 2.54534958e+02, 1.40698578e+02,
    2.62354675e+02, 1.41156616e+02, 2.70277222e+02, 1.41652954e+02,
    2.78346802e+02, 1.42268814e+02, 2.46010300e+02, 1.48252258e+02,
    2.53819092e+02, 1.48822769e+02, 2.61732361e+02, 1.49404160e+02,
    2.69697296e+02, 1.49871948e+02, 2.77723022e+02, 1.50442078e+02,
    2.45672211e+02, 1.56274475e+02, 2.53359985e+02, 1.56770813e+02,
    2.61071014e+02, 1.57528214e+02, 2.68967041e+02, 1.58011322e+02,
    2.76928711e+02, 1.58762573e+02, 2.44975800e+02, 1.64325592e+02,
    2.52769852e+02, 1.64948471e+02, 2.60613647e+02, 1.65584549e+02,
    2.68523956e+02, 1.66151077e+02, 2.76359985e+02, 1.66744949e+02,
    2.44632538e+02, 1.72243820e+02, 2.52257904e+02, 1.72848511e+02,
    2.59892517e+02, 1.73616104e+02, 2.67826080e+02, 1.74161606e+02,
    2.75777191e+02, 1.74847855e+02 ]
