%YAML:1.0
---
points: [ 1.21788879e+03, 2.95136414e+02, 1.19256970e+03, 3.09415649e+02,
    1.16789856e+03, 3.23119965e+02, 1.14384595e+03, 3.36551056e+02,
    1.12049487e+03, 3.49581696e+02, 1.20431775e+03, 2.69541595e+02,
    1.17913940e+03, 2.84228516e+02, 1.15454968e+03, 2.98386749e+02,
    1.13055823e+03, 3.12105469e+02, 1.10735010e+03, 3.25530823e+02,
    1.19049316e+03, 2.44012848e+02, 1.16539880e+03, 2.58951843e+02,
    1.14092834e+03, 2.73434265e+02, 1.11713501e+03, 2.87547516e+02,
    1.09388806e+03, 3.01342224e+02, 1.17662708e+03, 2.18178986e+02,
    1.15162573e+03, 2.33492584e+02, 1.12735535e+03, 2.48328461e+02,
    1.10361755e+03, 2.62765350e+02, 1.08049341e+03, 2.76909546e+02,
    1.16276758e+03, 1.92191025e+02, 1.13783704e+03, 2.07765182e+02,
    1.11369519e+03, 2.23102264e+02, 1.09006677e+03, 2.37839310e+02,
    1.06710840e+03, 2.52443985e+02, 1.14893152e+03, 1.65811081e+02,
    1.12415881e+03, 1.81954819e+02, 1.09987158e+03, 1.97575226e+02,
    1.07651721e+03, 2.12718872e+02, 1.05345557e+03, 2.27672943e+02,
    1.13496899e+03, 1.39348755e+02, 1.11010876e+03, 1.55833420e+02,
    1.08612061e+03, 1.71719284e+02, 1.06261548e+03, 1.87444107e+02,
    1.03979663e+03, 2.02659607e+02 ]
