%YAML:1.0
---
points: [ 3.47951935e+02, 1.26311821e+02, 3.38938263e+02, 1.31214111e+02,
    3.30186279e+02, 1.36067627e+02, 3.21691650e+02, 1.40713547e+02,
    3.13370850e+02, 1.45256500e+02, 3.43243713e+02, 1.17402977e+02,
    3.34306549e+02, 1.22539894e+02, 3.25606659e+02, 1.27452499e+02,
    3.17188080e+02, 1.32293243e+02, 3.08840302e+02, 1.37026306e+02,
    3.38572174e+02, 1.08637955e+02, 3.29618866e+02, 1.13844582e+02,
    3.21008636e+02, 1.18927887e+02, 3.12514160e+02, 1.23820175e+02,
    3.04335846e+02, 1.28637497e+02, 3.33816467e+02, 9.97064972e+01,
    3.24959900e+02, 1.05094772e+02, 3.16319214e+02, 1.10233376e+02,
    3.07962433e+02, 1.15298691e+02, 2.99764374e+02, 1.20184082e+02,
    3.29137238e+02, 9.08256378e+01, 3.20252808e+02, 9.62296295e+01,
    3.11669556e+02, 1.01461342e+02, 3.03283936e+02, 1.06676720e+02,
    2.95166870e+02, 1.11764229e+02, 3.24289612e+02, 8.17243500e+01,
    3.15481476e+02, 8.72857895e+01, 3.07007324e+02, 9.27442932e+01,
    2.98641357e+02, 9.80467148e+01, 2.90500946e+02, 1.03172485e+02,
    3.19463135e+02, 7.25984879e+01, 3.10746216e+02, 7.82910385e+01,
    3.02265991e+02, 8.38401947e+01, 2.93968079e+02, 8.92597656e+01,
    2.85863312e+02, 9.45700836e+01 ]
