%YAML:1.0
---
points: [ 1.23810620e+03, 2.87051483e+02, 1.21169946e+03, 3.01749237e+02,
    1.18583911e+03, 3.15771423e+02, 1.16123328e+03, 3.29750916e+02,
    1.13662415e+03, 3.42850677e+02, 1.22412415e+03, 2.60379333e+02,
    1.19741016e+03, 2.75248932e+02, 1.17201746e+03, 2.89894592e+02,
    1.14704053e+03, 3.04098755e+02, 1.12315637e+03, 3.17785492e+02,
    1.20954736e+03, 2.33303070e+02, 1.18343225e+03, 2.48781509e+02,
    1.15784058e+03, 2.63815552e+02, 1.13323254e+03, 2.78474426e+02,
    1.10917542e+03, 2.92432190e+02, 1.19517297e+03, 2.06064758e+02,
    1.16888599e+03, 2.22018173e+02, 1.14375488e+03, 2.37514603e+02,
    1.11909265e+03, 2.52454437e+02, 1.09531226e+03, 2.67076904e+02,
    1.18060144e+03, 1.78688797e+02, 1.15484265e+03, 1.95190216e+02,
    1.12937964e+03, 2.11104416e+02, 1.10518701e+03, 2.26459579e+02,
    1.08125232e+03, 2.41505157e+02, 1.16626221e+03, 1.50834198e+02,
    1.14033118e+03, 1.67853119e+02, 1.11530322e+03, 1.84264648e+02,
    1.09088940e+03, 2.00106369e+02, 1.06732275e+03, 2.15523758e+02,
    1.15153198e+03, 1.22844841e+02, 1.12579431e+03, 1.40309860e+02,
    1.10066711e+03, 1.57298676e+02, 1.07678821e+03, 1.73521210e+02,
    1.05284326e+03, 1.89425659e+02 ]
