%YAML:1.0
---
points: [ 1.33733655e+03, 4.99578949e+02, 1.31046521e+03, 5.09102600e+02,
    1.28422583e+03, 5.18450684e+02, 1.25776257e+03, 5.27754456e+02,
    1.23147937e+03, 5.37153687e+02, 1.32769446e+03, 4.73598358e+02,
    1.30116931e+03, 4.83130157e+02, 1.27464014e+03, 4.92659424e+02,
    1.24840259e+03, 5.02072784e+02, 1.22203955e+03, 5.11498627e+02,
    1.31838367e+03, 4.47621857e+02, 1.29160962e+03, 4.57283447e+02,
    1.26520728e+03, 4.66814026e+02, 1.23893896e+03, 4.76389648e+02,
    1.21261584e+03, 4.85776184e+02, 1.30884302e+03, 4.21599976e+02,
    1.28223230e+03, 4.31442474e+02, 1.25575354e+03, 4.41090942e+02,
    1.22952332e+03, 4.50618164e+02, 1.20333167e+03, 4.60218658e+02,
    1.29933423e+03, 3.95695129e+02, 1.27265942e+03, 4.05627502e+02,
    1.24636877e+03, 4.15355225e+02, 1.22005652e+03, 4.25020508e+02,
    1.19378699e+03, 4.34596527e+02, 1.28963904e+03, 3.69887451e+02,
    1.26319153e+03, 3.79723511e+02, 1.23674756e+03, 3.89617096e+02,
    1.21072510e+03, 3.99355286e+02, 1.18445312e+03, 4.08906006e+02,
    1.28028003e+03, 3.43818115e+02, 1.25364526e+03, 3.53865967e+02,
    1.22735986e+03, 3.63623566e+02, 1.20125684e+03, 3.73536652e+02,
    1.17510156e+03, 3.83380493e+02 ]
