%YAML:1.0
---
points: [ 2.82702545e+02, 1.26551994e+02, 2.90503357e+02, 1.26841347e+02,
    2.98342468e+02, 1.27453537e+02, 3.06336548e+02, 1.27801514e+02,
    3.14424896e+02, 1.28318558e+02, 2.82089172e+02, 1.34601120e+02,
    2.89718964e+02, 1.35098923e+02, 2.97595184e+02, 1.35590286e+02,
    3.05456329e+02, 1.36101730e+02, 3.13552734e+02, 1.36652161e+02,
    2.81252472e+02, 1.42590775e+02, 2.89000610e+02, 1.43005539e+02,
    2.96811066e+02, 1.43688034e+02, 3.04670959e+02, 1.44060928e+02,
    3.12755493e+02, 1.44815430e+02, 2.80586700e+02, 1.50583023e+02,
    2.88241333e+02, 1.51149292e+02, 2.96045013e+02, 1.51656570e+02,
    3.03953278e+02, 1.52300781e+02, 3.12273163e+02, 1.52710281e+02,
    2.79878510e+02, 1.58309082e+02, 2.87563080e+02, 1.58887924e+02,
    2.95313812e+02, 1.59626648e+02, 3.03131134e+02, 1.60142273e+02,
    3.11329926e+02, 1.61116013e+02, 2.79203857e+02, 1.66182632e+02,
    2.86833618e+02, 1.66895905e+02, 2.94552612e+02, 1.67539749e+02,
    3.02271912e+02, 1.68109573e+02, 3.10125641e+02, 1.68796066e+02,
    2.78506470e+02, 1.73821396e+02, 2.86200226e+02, 1.74623962e+02,
    2.93758972e+02, 1.75323730e+02, 3.01611511e+02, 1.75892960e+02,
    3.09501129e+02, 1.76871704e+02 ]
