%YAML:1.0
---
points: [ 3.55655487e+02, 1.23076347e+02, 3.46175079e+02, 1.28141815e+02,
    3.37090454e+02, 1.33131973e+02, 3.28150574e+02, 1.37861908e+02,
    3.19518402e+02, 1.42480789e+02, 3.50827271e+02, 1.13782539e+02,
    3.41396210e+02, 1.19052658e+02, 3.32282104e+02, 1.24104744e+02,
    3.23413391e+02, 1.29075989e+02, 3.14836456e+02, 1.33815170e+02,
    3.46017181e+02, 1.04499245e+02, 3.36562714e+02, 1.09848701e+02,
    3.27517975e+02, 1.15141014e+02, 3.18726562e+02, 1.20155907e+02,
    3.10147888e+02, 1.25155388e+02, 3.41073486e+02, 9.51056824e+01,
    3.31776581e+02, 1.00627129e+02, 3.22734924e+02, 1.06010330e+02,
    3.14006744e+02, 1.11215958e+02, 3.05442535e+02, 1.16277069e+02,
    3.36168152e+02, 8.57007370e+01, 3.26873413e+02, 9.13189468e+01,
    3.17946808e+02, 9.69041595e+01, 3.09195892e+02, 1.02243744e+02,
    3.00761353e+02, 1.07443100e+02, 3.31191803e+02, 7.61834030e+01,
    3.22039703e+02, 8.19944687e+01, 3.13071777e+02, 8.76104889e+01,
    3.04388489e+02, 9.31413651e+01, 2.95983826e+02, 9.85235519e+01,
    3.26282532e+02, 6.64517746e+01, 3.17070160e+02, 7.24842148e+01,
    3.08203369e+02, 7.83020248e+01, 2.99488281e+02, 8.39359512e+01,
    2.91151855e+02, 8.94999924e+01 ]
