%YAML:1.0
---
points: [ 3.06443512e+02, 1.24849365e+02, 3.14364502e+02, 1.25380791e+02,
    3.22252014e+02, 1.25780235e+02, 3.30337921e+02, 1.26136536e+02,
    3.38367035e+02, 1.26667274e+02, 3.05651886e+02, 1.32864075e+02,
    3.13533234e+02, 1.33555603e+02, 3.21336670e+02, 1.33758438e+02,
    3.29326447e+02, 1.34405396e+02, 3.37496094e+02, 1.34845963e+02,
    3.04929047e+02, 1.40899368e+02, 3.12658997e+02, 1.41490402e+02,
    3.20537903e+02, 1.41953156e+02, 3.28483490e+02, 1.42525650e+02,
    3.36669128e+02, 1.42912338e+02, 3.04108032e+02, 1.48747147e+02,
    3.11860260e+02, 1.49420547e+02, 3.19646637e+02, 1.49780991e+02,
    3.27575012e+02, 1.50503372e+02, 3.36015350e+02, 1.50946060e+02,
    3.03315674e+02, 1.56640717e+02, 3.11024719e+02, 1.57113693e+02,
    3.18860840e+02, 1.57882385e+02, 3.26584656e+02, 1.58553192e+02,
    3.35475983e+02, 1.58989670e+02, 3.02539917e+02, 1.64405685e+02,
    3.10203400e+02, 1.65059097e+02, 3.17973755e+02, 1.65653305e+02,
    3.25869141e+02, 1.66281281e+02, 3.33611298e+02, 1.67340591e+02,
    3.01828430e+02, 1.72023529e+02, 3.09442871e+02, 1.72724091e+02,
    3.17079590e+02, 1.73479919e+02, 3.25081665e+02, 1.74014511e+02,
    3.33143280e+02, 1.74667542e+02 ]
