%YAML:1.0
---
points: [ 3.51171814e+02, 1.29032104e+02, 3.41567749e+02, 1.34081696e+02,
    3.32356689e+02, 1.38979584e+02, 3.23434723e+02, 1.43632629e+02,
    3.14779755e+02, 1.48298416e+02, 3.46283386e+02, 1.19532776e+02,
    3.36732849e+02, 1.24820633e+02, 3.27574219e+02, 1.29857971e+02,
    3.18683258e+02, 1.34759079e+02, 3.10114624e+02, 1.39421280e+02,
    3.41293762e+02, 1.10214714e+02, 3.31931671e+02, 1.15502769e+02,
    3.22779541e+02, 1.20713333e+02, 3.13944550e+02, 1.25771118e+02,
    3.05319397e+02, 1.30589355e+02, 3.36334808e+02, 1.00577225e+02,
    3.26983551e+02, 1.06164253e+02, 3.17936340e+02, 1.11470039e+02,
    3.09134827e+02, 1.16684967e+02, 3.00592072e+02, 1.21667725e+02,
    3.31345978e+02, 9.10615158e+01, 3.22065155e+02, 9.67443771e+01,
    3.13061066e+02, 1.02241982e+02, 3.04271637e+02, 1.07490570e+02,
    2.95793854e+02, 1.12744217e+02, 3.26357330e+02, 8.12856216e+01,
    3.17134491e+02, 8.72350769e+01, 3.08147156e+02, 9.28297195e+01,
    2.99417236e+02, 9.83236618e+01, 2.90995605e+02, 1.03669571e+02,
    3.21331940e+02, 7.15624161e+01, 3.12121185e+02, 7.75549698e+01,
    3.03215607e+02, 8.33724594e+01, 2.94453552e+02, 8.90603561e+01,
    2.86139435e+02, 9.45275726e+01 ]
