%YAML:1.0
---
points: [ 1.22372522e+03, 3.03198029e+02, 1.19690698e+03, 3.17544556e+02,
    1.17116956e+03, 3.31622009e+02, 1.14599683e+03, 3.45298615e+02,
    1.12163989e+03, 3.58403778e+02, 1.20938306e+03, 2.75905151e+02,
    1.18283142e+03, 2.90763489e+02, 1.15708301e+03, 3.05388092e+02,
    1.13209619e+03, 3.19385651e+02, 1.10785168e+03, 3.32819122e+02,
    1.19483337e+03, 2.48483215e+02, 1.16837659e+03, 2.63909363e+02,
    1.14279834e+03, 2.78856262e+02, 1.11803455e+03, 2.93315521e+02,
    1.09404163e+03, 3.07296021e+02, 1.18028540e+03, 2.20879120e+02,
    1.15405164e+03, 2.36843033e+02, 1.12851941e+03, 2.52207153e+02,
    1.10390942e+03, 2.66974670e+02, 1.07995996e+03, 2.81449646e+02,
    1.16574707e+03, 1.93064148e+02, 1.13960229e+03, 2.09524200e+02,
    1.11436169e+03, 2.25298615e+02, 1.08970312e+03, 2.40585175e+02,
    1.06591345e+03, 2.55543304e+02, 1.15128845e+03, 1.64950684e+02,
    1.12514929e+03, 1.81800385e+02, 1.09983655e+03, 1.98178574e+02,
    1.07550171e+03, 2.13919998e+02, 1.05167395e+03, 2.29315689e+02,
    1.13645715e+03, 1.36502029e+02, 1.11044592e+03, 1.53871231e+02,
    1.08540417e+03, 1.70647537e+02, 1.06112646e+03, 1.86901794e+02,
    1.03740918e+03, 2.02794113e+02 ]
