%YAML:1.0
---
points: [ 1.18314526e+03, 5.54392395e+02, 1.15914368e+03, 5.63565857e+02,
    1.13524316e+03, 5.72677063e+02, 1.11109375e+03, 5.81677002e+02,
    1.08658484e+03, 5.91068420e+02, 1.17379700e+03, 5.29831726e+02,
    1.14997449e+03, 5.38881226e+02, 1.12605286e+03, 5.47909790e+02,
    1.10186084e+03, 5.56934326e+02, 1.07739734e+03, 5.66208679e+02,
    1.16505469e+03, 5.05271759e+02, 1.14105652e+03, 5.14295959e+02,
    1.11705676e+03, 5.23230652e+02, 1.09286206e+03, 5.32259644e+02,
    1.06831177e+03, 5.41370667e+02, 1.15603235e+03, 4.80595734e+02,
    1.13205908e+03, 4.89531311e+02, 1.10788794e+03, 4.98494049e+02,
    1.08367114e+03, 5.07400330e+02, 1.05916626e+03, 5.16506287e+02,
    1.14687219e+03, 4.56237000e+02, 1.12279004e+03, 4.65133942e+02,
    1.09864880e+03, 4.73806427e+02, 1.07442969e+03, 4.82662689e+02,
    1.04986401e+03, 4.91713257e+02, 1.13768115e+03, 4.31617523e+02,
    1.11366760e+03, 4.40479858e+02, 1.08954944e+03, 4.49280884e+02,
    1.06546277e+03, 4.57993103e+02, 1.04078076e+03, 4.67007263e+02,
    1.12857434e+03, 4.07123505e+02, 1.10448657e+03, 4.15729279e+02,
    1.08044153e+03, 4.24491852e+02, 1.05624451e+03, 4.33237091e+02,
    1.03158838e+03, 4.42105835e+02 ]
