%YAML:1.0
---
points: [ 1.20494421e+03, 3.15179840e+02, 1.17818835e+03, 3.29676971e+02,
    1.15229773e+03, 3.43573090e+02, 1.12720215e+03, 3.57291870e+02,
    1.10297876e+03, 3.70265442e+02, 1.19028735e+03, 2.87475159e+02,
    1.16364233e+03, 3.02465820e+02, 1.13788403e+03, 3.16825897e+02,
    1.11290112e+03, 3.30954803e+02, 1.08880334e+03, 3.44425568e+02,
    1.17549292e+03, 2.59639557e+02, 1.14899072e+03, 2.75182739e+02,
    1.12339514e+03, 2.89958069e+02, 1.09852039e+03, 3.04540436e+02,
    1.07452722e+03, 3.18447601e+02, 1.16054944e+03, 2.31588348e+02,
    1.13423315e+03, 2.47518845e+02, 1.10869617e+03, 2.62913208e+02,
    1.08409167e+03, 2.77774536e+02, 1.06031689e+03, 2.92227081e+02,
    1.14559338e+03, 2.03337494e+02, 1.11940027e+03, 2.19676788e+02,
    1.09407007e+03, 2.35621017e+02, 1.06955591e+03, 2.50966766e+02,
    1.04586096e+03, 2.65843140e+02, 1.13062732e+03, 1.74617050e+02,
    1.10458325e+03, 1.91560959e+02, 1.07936755e+03, 2.08098862e+02,
    1.05506787e+03, 2.23808167e+02, 1.03138086e+03, 2.39320129e+02,
    1.11547302e+03, 1.45609650e+02, 1.08950134e+03, 1.63257568e+02,
    1.06452808e+03, 1.80148224e+02, 1.04033667e+03, 1.96459946e+02,
    1.01670087e+03, 2.12444885e+02 ]
