%YAML:1.0
---
points: [ 3.39758301e+02, 8.69265823e+01, 3.33094666e+02, 9.27198639e+01,
    3.26718048e+02, 9.84997101e+01, 3.20383728e+02, 1.04168953e+02,
    3.14296844e+02, 1.09615692e+02, 3.34333313e+02, 8.05959015e+01,
    3.27770966e+02, 8.65054474e+01, 3.21387451e+02, 9.22652969e+01,
    3.15239655e+02, 9.80950928e+01, 3.09193787e+02, 1.03648560e+02,
    3.29195526e+02, 7.41279678e+01, 3.22336884e+02, 8.02314987e+01,
    3.16194763e+02, 8.61460724e+01, 3.10010773e+02, 9.18494110e+01,
    3.03918732e+02, 9.75461655e+01, 3.23514374e+02, 6.76629639e+01,
    3.17136749e+02, 7.38497696e+01, 3.10825989e+02, 7.98368607e+01,
    3.04749084e+02, 8.56774902e+01, 2.98697113e+02, 9.14859390e+01,
    3.18138702e+02, 6.12743263e+01, 3.11685303e+02, 6.74929504e+01,
    3.05559052e+02, 7.35605545e+01, 2.99447968e+02, 7.94417572e+01,
    2.93394623e+02, 8.52966614e+01, 3.12643372e+02, 5.49466286e+01,
    3.06340912e+02, 6.11669350e+01, 3.00171539e+02, 6.72223511e+01,
    2.94141144e+02, 7.32239151e+01, 2.88226013e+02, 7.91918259e+01,
    3.07163055e+02, 4.83745537e+01, 3.00903351e+02, 5.47340317e+01,
    2.94789185e+02, 6.08924980e+01, 2.88760864e+02, 6.69499130e+01,
    2.82900665e+02, 7.29314957e+01 ]
