%YAML:1.0
---
points: [ 3.45018097e+02, 1.32862152e+02, 3.35401886e+02, 1.37896881e+02,
    3.26169037e+02, 1.42826569e+02, 3.17216888e+02, 1.47457077e+02,
    3.08469208e+02, 1.52115891e+02, 3.40010162e+02, 1.23292892e+02,
    3.30437927e+02, 1.28459702e+02, 3.21267944e+02, 1.33570770e+02,
    3.12326965e+02, 1.38429245e+02, 3.03764679e+02, 1.43154297e+02,
    3.34941071e+02, 1.13733543e+02, 3.25395386e+02, 1.19093742e+02,
    3.16296753e+02, 1.24280861e+02, 3.07414886e+02, 1.29266388e+02,
    2.98910583e+02, 1.34232361e+02, 3.29828583e+02, 1.04003082e+02,
    3.20418182e+02, 1.09541946e+02, 3.11286438e+02, 1.14940109e+02,
    3.02514618e+02, 1.20115379e+02, 2.94040466e+02, 1.25164108e+02,
    3.24744202e+02, 9.42633057e+01, 3.15343567e+02, 9.99933395e+01,
    3.06325867e+02, 1.05466667e+02, 2.97587341e+02, 1.10840462e+02,
    2.89166229e+02, 1.16110672e+02, 3.19613525e+02, 8.43370285e+01,
    3.10313232e+02, 9.02720871e+01, 3.01314453e+02, 9.59374695e+01,
    2.92642944e+02, 1.01482498e+02, 2.84204437e+02, 1.06883904e+02,
    3.14405670e+02, 7.44005814e+01, 3.05200500e+02, 8.04619751e+01,
    2.96240417e+02, 8.63202591e+01, 2.87576355e+02, 9.20258255e+01,
    2.79236115e+02, 9.75746689e+01 ]
