%YAML:1.0
---
points: [ 1.08079541e+03, 4.96527161e+02, 1.06287012e+03, 5.14204041e+02,
    1.04475049e+03, 5.31697998e+02, 1.02644653e+03, 5.49432617e+02,
    1.00780426e+03, 5.67599182e+02, 1.06282593e+03, 4.77920715e+02,
    1.04482739e+03, 4.95368713e+02, 1.02669299e+03, 5.12783203e+02,
    1.00838812e+03, 5.30442017e+02, 9.89670837e+02, 5.48482361e+02,
    1.04525208e+03, 4.59152283e+02, 1.02689722e+03, 4.76481323e+02,
    1.00868811e+03, 4.94129578e+02, 9.90314209e+02, 5.11464386e+02,
    9.71542114e+02, 5.29500000e+02, 1.02729883e+03, 4.40494629e+02,
    1.00902307e+03, 4.57676941e+02, 9.90741516e+02, 4.75104462e+02,
    9.72187805e+02, 4.92591095e+02, 9.53348511e+02, 5.10406708e+02,
    1.00942401e+03, 4.21689911e+02, 9.91205750e+02, 4.39055206e+02,
    9.72648071e+02, 4.56370911e+02, 9.54002197e+02, 4.73631195e+02,
    9.35208618e+02, 4.91520325e+02, 9.91465149e+02, 4.03330505e+02,
    9.73168457e+02, 4.20466156e+02, 9.54645691e+02, 4.37491272e+02,
    9.35897827e+02, 4.54836975e+02, 9.17042786e+02, 4.72470093e+02,
    9.73555420e+02, 3.84571655e+02, 9.55177673e+02, 4.01596191e+02,
    9.36462891e+02, 4.18666901e+02, 9.17858093e+02, 4.35829681e+02,
    8.98723755e+02, 4.53482880e+02 ]
