%YAML:1.0
---
points: [ 3.34057739e+02, 1.42228638e+02, 3.24469910e+02, 1.47153564e+02,
    3.15298401e+02, 1.51978958e+02, 3.06380615e+02, 1.56571838e+02,
    2.97781464e+02, 1.61106506e+02, 3.28982513e+02, 1.32406204e+02,
    3.19490143e+02, 1.37635239e+02, 3.10308319e+02, 1.42603714e+02,
    3.01441528e+02, 1.47420349e+02, 2.92904907e+02, 1.52091080e+02,
    3.23775482e+02, 1.22827980e+02, 3.14313202e+02, 1.28146057e+02,
    3.05257629e+02, 1.33251877e+02, 2.96438354e+02, 1.38208130e+02,
    2.87942017e+02, 1.43059860e+02, 3.18547943e+02, 1.12973755e+02,
    3.09241547e+02, 1.18452606e+02, 3.00192566e+02, 1.23788887e+02,
    2.91413391e+02, 1.28951553e+02, 2.83025024e+02, 1.33883728e+02,
    3.13406860e+02, 1.03121910e+02, 3.04096588e+02, 1.08832024e+02,
    2.95167786e+02, 1.14254189e+02, 2.86384430e+02, 1.19513237e+02,
    2.78052704e+02, 1.24700249e+02, 3.08206451e+02, 9.31765366e+01,
    2.98916840e+02, 9.90724792e+01, 2.90052124e+02, 1.04634750e+02,
    2.81349548e+02, 1.10105461e+02, 2.73011810e+02, 1.15383179e+02,
    3.02908600e+02, 8.30847473e+01, 2.93701141e+02, 8.91170731e+01,
    2.84844147e+02, 9.49076233e+01, 2.76254944e+02, 1.00446373e+02,
    2.67931610e+02, 1.06053093e+02 ]
