%YAML:1.0
---
points: [ 1.01056622e+03, 5.64254578e+02, 9.92953003e+02, 5.81493286e+02,
    9.75163208e+02, 5.99041748e+02, 9.57125793e+02, 6.16705872e+02,
    9.38608154e+02, 6.34992249e+02, 9.92770203e+02, 5.45750732e+02,
    9.75140076e+02, 5.62894165e+02, 9.57127747e+02, 5.80188232e+02,
    9.39067627e+02, 5.97815674e+02, 9.20417664e+02, 6.15877136e+02,
    9.75216736e+02, 5.27071350e+02, 9.57303589e+02, 5.44247742e+02,
    9.39299194e+02, 5.61501648e+02, 9.20938599e+02, 5.78819397e+02,
    9.02203491e+02, 5.96722717e+02, 9.57458252e+02, 5.08633362e+02,
    9.39479004e+02, 5.25517090e+02, 9.21355835e+02, 5.42641907e+02,
    9.02796265e+02, 5.59979675e+02, 8.83743164e+02, 5.77717529e+02,
    9.39803101e+02, 4.90141907e+02, 9.21668762e+02, 5.06909363e+02,
    9.03413818e+02, 5.23954895e+02, 8.84723145e+02, 5.41185730e+02,
    8.65711304e+02, 5.58660339e+02, 9.22067627e+02, 4.71822205e+02,
    9.03720093e+02, 4.88497101e+02, 8.85333252e+02, 5.05336609e+02,
    8.66648987e+02, 5.22337097e+02, 8.47411133e+02, 5.39815796e+02,
    9.04210876e+02, 4.53344360e+02, 8.85820496e+02, 4.69720245e+02,
    8.67400940e+02, 4.86436310e+02, 8.48441223e+02, 5.03433502e+02,
    8.29317078e+02, 5.20712769e+02 ]
