%YAML:1.0
---
points: [ 1.17269080e+03, 3.41969971e+02, 1.14612354e+03, 3.56306335e+02,
    1.12037415e+03, 3.69946930e+02, 1.09536316e+03, 3.83413757e+02,
    1.07126245e+03, 3.96195068e+02, 1.15771960e+03, 3.14031036e+02,
    1.13129102e+03, 3.28711243e+02, 1.10556262e+03, 3.42965729e+02,
    1.08075952e+03, 3.56773285e+02, 1.05678174e+03, 3.70028259e+02,
    1.14254028e+03, 2.85899780e+02, 1.11633228e+03, 3.01201019e+02,
    1.09078259e+03, 3.15734314e+02, 1.06624841e+03, 3.30150757e+02,
    1.04239209e+03, 3.43725311e+02, 1.12728149e+03, 2.57546875e+02,
    1.10121997e+03, 2.73251953e+02, 1.07580957e+03, 2.88447601e+02,
    1.05144019e+03, 3.03089386e+02, 1.02767908e+03, 3.17268555e+02,
    1.11218640e+03, 2.28876373e+02, 1.08614478e+03, 2.45181183e+02,
    1.06100366e+03, 2.60776703e+02, 1.03657642e+03, 2.76099487e+02,
    1.01317395e+03, 2.90637726e+02, 1.09688208e+03, 2.00024979e+02,
    1.07101477e+03, 2.16692688e+02, 1.04598840e+03, 2.33099899e+02,
    1.02179028e+03, 2.48606354e+02, 9.98391052e+02, 2.63840881e+02,
    1.08148364e+03, 1.70691208e+02, 1.05558057e+03, 1.88091064e+02,
    1.03071033e+03, 2.04787704e+02, 1.00668719e+03, 2.20958771e+02,
    9.83447998e+02, 2.36653046e+02 ]
