%YAML:1.0
---
points: [ 3.66037354e+02, 6.32747574e+01, 3.59036346e+02, 6.96038742e+01,
    3.52195618e+02, 7.56509628e+01, 3.45347870e+02, 8.16678009e+01,
    3.38854736e+02, 8.74878845e+01, 3.60404907e+02, 5.66166573e+01,
    3.53438385e+02, 6.28763199e+01, 3.46643616e+02, 6.91853104e+01,
    3.40022430e+02, 7.52307358e+01, 3.33439636e+02, 8.12263641e+01,
    3.54940613e+02, 4.98945732e+01, 3.47909424e+02, 5.63198051e+01,
    3.41225037e+02, 6.25101624e+01, 3.34517822e+02, 6.87167053e+01,
    3.28052063e+02, 7.47693939e+01, 3.49209900e+02, 4.31471748e+01,
    3.42345612e+02, 4.95118828e+01, 3.35622101e+02, 5.60052872e+01,
    3.29111908e+02, 6.21866913e+01, 3.22651520e+02, 6.83485031e+01,
    3.43523865e+02, 3.62471962e+01, 3.36733490e+02, 4.30046387e+01,
    3.30121124e+02, 4.92625809e+01, 3.23583527e+02, 5.56828842e+01,
    3.17272369e+02, 6.18925133e+01, 3.37803345e+02, 2.96877003e+01,
    3.31112915e+02, 3.61189270e+01, 3.24527954e+02, 4.27388153e+01,
    3.18151978e+02, 4.90777092e+01, 3.11769714e+02, 5.54140472e+01,
    3.32155365e+02, 2.26375465e+01, 3.25404633e+02, 2.95163097e+01,
    3.18912903e+02, 3.59975548e+01, 3.12498596e+02, 4.25628281e+01,
    3.06253998e+02, 4.88656769e+01 ]
