%YAML:1.0
---
points: [ 1.11966467e+03, 3.80949554e+02, 1.09352258e+03, 3.94936737e+02,
    1.06817346e+03, 4.08508240e+02, 1.04352173e+03, 4.21588257e+02,
    1.01974609e+03, 4.34268372e+02, 1.10430115e+03, 3.52853577e+02,
    1.07838733e+03, 3.67350525e+02, 1.05303125e+03, 3.81422577e+02,
    1.02860669e+03, 3.94881683e+02, 1.00494061e+03, 4.07977570e+02,
    1.08869653e+03, 3.24704498e+02, 1.06279749e+03, 3.39646637e+02,
    1.03786646e+03, 3.54078522e+02, 1.01359344e+03, 3.68122925e+02,
    9.90207520e+02, 3.81589081e+02, 1.07304138e+03, 2.96338074e+02,
    1.04742993e+03, 3.11674927e+02, 1.02249438e+03, 3.26610840e+02,
    9.98511169e+02, 3.40970703e+02, 9.75220154e+02, 3.54975800e+02,
    1.05745740e+03, 2.67631836e+02, 1.03189795e+03, 2.83559631e+02,
    1.00731036e+03, 2.98938324e+02, 9.83320007e+02, 3.13822418e+02,
    9.60239685e+02, 3.28342072e+02, 1.04187842e+03, 2.38692047e+02,
    1.01650720e+03, 2.55175415e+02, 9.91955200e+02, 2.71059479e+02,
    9.68231323e+02, 2.86421356e+02, 9.45177368e+02, 3.01387512e+02,
    1.02600378e+03, 2.09372574e+02, 1.00063782e+03, 2.26384033e+02,
    9.76363281e+02, 2.42699081e+02, 9.52650757e+02, 2.58701355e+02,
    9.29755676e+02, 2.74153168e+02 ]
