%YAML:1.0
---
points: [ 1.01058978e+03, 5.64870728e+02, 9.93265808e+02, 5.82282959e+02,
    9.75431580e+02, 5.99676270e+02, 9.57384094e+02, 6.17438049e+02,
    9.38823120e+02, 6.35559265e+02, 9.93079956e+02, 5.46397949e+02,
    9.75225891e+02, 5.63551147e+02, 9.57343140e+02, 5.80946777e+02,
    9.39372681e+02, 5.98549316e+02, 9.20576416e+02, 6.16566467e+02,
    9.75263062e+02, 5.27818298e+02, 9.57481323e+02, 5.44900452e+02,
    9.39511353e+02, 5.62165283e+02, 9.21181152e+02, 5.79601807e+02,
    9.02398376e+02, 5.97571106e+02, 9.57591919e+02, 5.09346008e+02,
    9.39647156e+02, 5.26348083e+02, 9.21381042e+02, 5.43397034e+02,
    9.03105530e+02, 5.60717834e+02, 8.84193420e+02, 5.78547668e+02,
    9.39919739e+02, 4.90924896e+02, 9.21734375e+02, 5.07655945e+02,
    9.03501831e+02, 5.24679016e+02, 8.84880188e+02, 5.42015564e+02,
    8.65962952e+02, 5.59606140e+02, 9.22158508e+02, 4.72560669e+02,
    9.03930176e+02, 4.89261810e+02, 8.85549500e+02, 5.06058685e+02,
    8.66803101e+02, 5.23230225e+02, 8.47736328e+02, 5.40672607e+02,
    9.04333313e+02, 4.54174591e+02, 8.85947205e+02, 4.70647003e+02,
    8.67453125e+02, 4.87414642e+02, 8.48616882e+02, 5.04308807e+02,
    8.29368958e+02, 5.21621704e+02 ]
