%YAML:1.0
---
points: [ 3.07131775e+02, 1.22091621e+02, 3.00785370e+02, 1.27752716e+02,
    2.94688782e+02, 1.33351364e+02, 2.88675659e+02, 1.38853134e+02,
    2.82850067e+02, 1.44183151e+02, 3.01450104e+02, 1.15794807e+02,
    2.95325928e+02, 1.21616966e+02, 2.89255676e+02, 1.27288986e+02,
    2.83369019e+02, 1.32896973e+02, 2.77531525e+02, 1.38343246e+02,
    2.96147705e+02, 1.09710480e+02, 2.89819641e+02, 1.15426125e+02,
    2.83841278e+02, 1.21183945e+02, 2.77932190e+02, 1.26759621e+02,
    2.72034485e+02, 1.32234039e+02, 2.90392426e+02, 1.03243538e+02,
    2.84375305e+02, 1.09240120e+02, 2.78335144e+02, 1.15033203e+02,
    2.72506012e+02, 1.20717209e+02, 2.66749207e+02, 1.26343094e+02,
    2.84962341e+02, 9.70817490e+01, 2.78856476e+02, 1.03058044e+02,
    2.72943726e+02, 1.08841507e+02, 2.67090118e+02, 1.14553200e+02,
    2.61237274e+02, 1.20210457e+02, 2.79340454e+02, 9.07179718e+01,
    2.73310394e+02, 9.67259827e+01, 2.67348297e+02, 1.02658180e+02,
    2.61599609e+02, 1.08428284e+02, 2.55967285e+02, 1.14211304e+02,
    2.73787933e+02, 8.43195572e+01, 2.67737244e+02, 9.03625565e+01,
    2.61856628e+02, 9.63535538e+01, 2.56100098e+02, 1.02213104e+02,
    2.50362228e+02, 1.08053261e+02 ]
