%YAML:1.0
---
points: [ 3.15846558e+02, 1.55649521e+02, 3.06471100e+02, 1.60477921e+02,
    2.97424805e+02, 1.65238022e+02, 2.88711914e+02, 1.69798584e+02,
    2.80258820e+02, 1.74180298e+02, 3.10586578e+02, 1.45984085e+02,
    3.01334625e+02, 1.51064957e+02, 2.92307983e+02, 1.55901611e+02,
    2.83624023e+02, 1.60613068e+02, 2.75236511e+02, 1.65171265e+02,
    3.05360413e+02, 1.36286209e+02, 2.96100220e+02, 1.41448837e+02,
    2.87162567e+02, 1.46535889e+02, 2.78523834e+02, 1.51357285e+02,
    2.70198883e+02, 1.56105438e+02, 3.00038391e+02, 1.26399902e+02,
    2.90799194e+02, 1.31842346e+02, 2.81972198e+02, 1.37074799e+02,
    2.73398834e+02, 1.42055603e+02, 2.65137543e+02, 1.46909103e+02,
    2.94694580e+02, 1.16576378e+02, 2.85543671e+02, 1.22125198e+02,
    2.76769623e+02, 1.27468887e+02, 2.68204437e+02, 1.32664352e+02,
    2.59983185e+02, 1.37698410e+02, 2.89346130e+02, 1.06483391e+02,
    2.80295776e+02, 1.12293289e+02, 2.71496246e+02, 1.17800743e+02,
    2.63080597e+02, 1.23211006e+02, 2.54853531e+02, 1.28334473e+02,
    2.84043610e+02, 9.64385834e+01, 2.74953888e+02, 1.02382721e+02,
    2.66229492e+02, 1.08094940e+02, 2.57821716e+02, 1.13568138e+02,
    2.49616333e+02, 1.18974495e+02 ]
