%YAML:1.0
---
points: [ 9.15574951e+02, 6.57131104e+02, 8.98387085e+02, 6.74407471e+02,
    8.80732117e+02, 6.92204590e+02, 8.62719543e+02, 7.10296875e+02,
    8.44192993e+02, 7.28964844e+02, 8.97933044e+02, 6.38867737e+02,
    8.80508606e+02, 6.56092896e+02, 8.62642822e+02, 6.73546570e+02,
    8.44531372e+02, 6.91365417e+02, 8.25540344e+02, 7.09961792e+02,
    8.80385315e+02, 6.20639343e+02, 8.62631287e+02, 6.37533997e+02,
    8.44688660e+02, 6.54928711e+02, 8.26232727e+02, 6.72517090e+02,
    8.07192505e+02, 6.90925842e+02, 8.62651611e+02, 6.02326660e+02,
    8.44833069e+02, 6.19282898e+02, 8.26603699e+02, 6.36319702e+02,
    8.07946045e+02, 6.53736755e+02, 7.88668152e+02, 6.71933228e+02,
    8.45057251e+02, 5.84269775e+02, 8.26964478e+02, 6.00739807e+02,
    8.08524170e+02, 6.17762390e+02, 7.89626831e+02, 6.35095215e+02,
    7.70304016e+02, 6.52918701e+02, 8.27338013e+02, 5.66283752e+02,
    8.09073669e+02, 5.82570862e+02, 7.90429443e+02, 5.99371094e+02,
    7.71481812e+02, 6.16419250e+02, 7.51762268e+02, 6.34134644e+02,
    8.09548950e+02, 5.47960144e+02, 7.91065125e+02, 5.64221741e+02,
    7.72397888e+02, 5.80661377e+02, 7.53131348e+02, 5.97594116e+02,
    7.33384705e+02, 6.15155518e+02 ]
