%YAML:1.0
---
points: [ 3.00747406e+02, 1.66639343e+02, 2.91485931e+02, 1.71370605e+02,
    2.82580719e+02, 1.76093033e+02, 2.73967773e+02, 1.80517975e+02,
    2.65627441e+02, 1.84851807e+02, 2.95326508e+02, 1.56985672e+02,
    2.86227264e+02, 1.61938843e+02, 2.77345062e+02, 1.66706482e+02,
    2.68835602e+02, 1.71357605e+02, 2.60483734e+02, 1.75798676e+02,
    2.90016144e+02, 1.47281219e+02, 2.80884491e+02, 1.52359207e+02,
    2.72131531e+02, 1.57308884e+02, 2.63549255e+02, 1.62070267e+02,
    2.55315475e+02, 1.66687683e+02, 2.84540497e+02, 1.37379120e+02,
    2.75482178e+02, 1.42685654e+02, 2.66784302e+02, 1.47784821e+02,
    2.58362946e+02, 1.52728119e+02, 2.50190857e+02, 1.57457596e+02,
    2.79153992e+02, 1.27490059e+02, 2.70174561e+02, 1.33009201e+02,
    2.61474792e+02, 1.38206009e+02, 2.53119476e+02, 1.43273849e+02,
    2.44990051e+02, 1.48270493e+02, 2.73724762e+02, 1.17422577e+02,
    2.64748810e+02, 1.23128326e+02, 2.56184570e+02, 1.28522125e+02,
    2.47808228e+02, 1.33783417e+02, 2.39657410e+02, 1.38873962e+02,
    2.68256683e+02, 1.07352058e+02, 2.59305969e+02, 1.13165878e+02,
    2.50776520e+02, 1.18731270e+02, 2.42380310e+02, 1.24163185e+02,
    2.34321945e+02, 1.29414993e+02 ]
