%YAML:1.0
---
points: [ 1.07540125e+03, 4.12327789e+02, 1.04955518e+03, 4.26222748e+02,
    1.02451526e+03, 4.39504639e+02, 1.00013263e+03, 4.52499115e+02,
    9.76620483e+02, 4.64960724e+02, 1.05972803e+03, 3.84198212e+02,
    1.03413818e+03, 3.98492798e+02, 1.00916016e+03, 4.12212158e+02,
    9.84904480e+02, 4.25699890e+02, 9.61604858e+02, 4.38531921e+02,
    1.04389478e+03, 3.55909576e+02, 1.01836426e+03, 3.70641663e+02,
    9.93617615e+02, 3.84849060e+02, 9.69602783e+02, 3.98727448e+02,
    9.46505981e+02, 4.12042572e+02, 1.02782056e+03, 3.27513428e+02,
    1.00254535e+03, 3.42626587e+02, 9.77982910e+02, 3.57383118e+02,
    9.54240845e+02, 3.71555450e+02, 9.31253479e+02, 3.85322327e+02,
    1.01204968e+03, 2.98749756e+02, 9.86781738e+02, 3.14456451e+02,
    9.62475586e+02, 3.29594604e+02, 9.38776611e+02, 3.44314117e+02,
    9.15830750e+02, 3.58596039e+02, 9.96191711e+02, 2.69690491e+02,
    9.71129028e+02, 2.85924896e+02, 9.46848633e+02, 3.01631958e+02,
    9.23455078e+02, 3.16689484e+02, 9.00472595e+02, 3.31515259e+02,
    9.79910828e+02, 2.40432053e+02, 9.55017700e+02, 2.57267761e+02,
    9.30966492e+02, 2.73334106e+02, 9.07562561e+02, 2.88894470e+02,
    8.84870056e+02, 3.04197784e+02 ]
