%YAML:1.0
---
points: [ 3.28654083e+02, 9.98128281e+01, 3.21988464e+02, 1.05677528e+02,
    3.15505005e+02, 1.11576614e+02, 3.09227936e+02, 1.17277306e+02,
    3.03084656e+02, 1.22854019e+02, 3.23034058e+02, 9.32168579e+01,
    3.16458801e+02, 9.92808151e+01, 3.10054779e+02, 1.05251137e+02,
    3.03808380e+02, 1.11029892e+02, 2.97656036e+02, 1.16684875e+02,
    3.17457428e+02, 8.67547226e+01, 3.10900543e+02, 9.28626938e+01,
    3.04506622e+02, 9.88536453e+01, 2.98302856e+02, 1.04675110e+02,
    2.92218994e+02, 1.10408821e+02, 3.11753204e+02, 8.01438675e+01,
    3.05291229e+02, 8.63587494e+01, 2.98959747e+02, 9.23635941e+01,
    2.92798126e+02, 9.83226242e+01, 2.86772430e+02, 1.04215439e+02,
    3.06149963e+02, 7.35511246e+01, 2.99663788e+02, 7.98484726e+01,
    2.93397858e+02, 8.60080261e+01, 2.87252045e+02, 9.20230408e+01,
    2.81284668e+02, 9.78824158e+01, 3.00396362e+02, 6.68396225e+01,
    2.94075714e+02, 7.32447739e+01, 2.87826965e+02, 7.94586182e+01,
    2.81763245e+02, 8.55747452e+01, 2.75782959e+02, 9.16066666e+01,
    2.94663757e+02, 6.01629715e+01, 2.88338318e+02, 6.66253128e+01,
    2.82181030e+02, 7.29479752e+01, 2.76150177e+02, 7.91395340e+01,
    2.70240631e+02, 8.52384949e+01 ]
