%YAML:1.0
---
points: [ 9.86108337e+02, 4.72692810e+02, 9.60685242e+02, 4.86349487e+02,
    9.35855042e+02, 4.99721802e+02, 9.11740540e+02, 5.12646790e+02,
    8.88497131e+02, 5.25303528e+02, 9.70124390e+02, 4.44600769e+02,
    9.44801819e+02, 4.58606934e+02, 9.20211121e+02, 4.72480377e+02,
    8.96239014e+02, 4.85746857e+02, 8.72916199e+02, 4.98717865e+02,
    9.53715820e+02, 4.16515808e+02, 9.28626221e+02, 4.31124298e+02,
    9.04261658e+02, 4.45160736e+02, 8.80367126e+02, 4.58764130e+02,
    8.57277954e+02, 4.72195374e+02, 9.37359924e+02, 3.88225403e+02,
    9.12488159e+02, 4.03133240e+02, 8.88187744e+02, 4.17535400e+02,
    8.64500916e+02, 4.31634766e+02, 8.41556580e+02, 4.45384979e+02,
    9.21177490e+02, 3.59576508e+02, 8.96352722e+02, 3.74949921e+02,
    8.72180725e+02, 3.89809906e+02, 8.48613159e+02, 4.04422272e+02,
    8.25646362e+02, 4.18470581e+02, 9.04682861e+02, 3.30914764e+02,
    8.80084290e+02, 3.46582794e+02, 8.55973816e+02, 3.61915222e+02,
    8.32596436e+02, 3.76723724e+02, 8.09796265e+02, 3.91343353e+02,
    8.88271179e+02, 3.01684479e+02, 8.63529968e+02, 3.17941071e+02,
    8.39644775e+02, 3.33649475e+02, 8.16388672e+02, 3.48954071e+02,
    7.93709106e+02, 3.63778625e+02 ]
