%YAML:1.0
---
points: [ 3.44045502e+02, 8.90534744e+01, 3.37007660e+02, 9.52360077e+01,
    3.30136200e+02, 1.01349709e+02, 3.23396088e+02, 1.07271072e+02,
    3.16950928e+02, 1.13147491e+02, 3.38125458e+02, 8.21587219e+01,
    3.31250214e+02, 8.84518661e+01, 3.24400818e+02, 9.46873245e+01,
    3.17845490e+02, 1.00784439e+02, 3.11362976e+02, 1.06630150e+02,
    3.32374939e+02, 7.53042984e+01, 3.25397095e+02, 8.17446136e+01,
    3.18755829e+02, 8.80505600e+01, 3.12188507e+02, 9.41633911e+01,
    3.05784149e+02, 1.00148895e+02, 3.26506653e+02, 6.84046707e+01,
    3.19677979e+02, 7.49634018e+01, 3.13005859e+02, 8.13007965e+01,
    3.06505554e+02, 8.75266724e+01, 3.00211914e+02, 9.36173935e+01,
    3.20650238e+02, 6.14512100e+01, 3.13881897e+02, 6.81501465e+01,
    3.07266449e+02, 7.45387115e+01, 3.00839996e+02, 8.08831711e+01,
    2.94527588e+02, 8.70908051e+01, 3.14723663e+02, 5.45368004e+01,
    3.08058014e+02, 6.11838341e+01, 3.01463196e+02, 6.77441254e+01,
    2.95162201e+02, 7.41824036e+01, 2.88938507e+02, 8.04557648e+01,
    3.08799561e+02, 4.74415169e+01, 3.02168091e+02, 5.43243332e+01,
    2.95683411e+02, 6.09458351e+01, 2.89364075e+02, 6.74188309e+01,
    2.83200378e+02, 7.37925644e+01 ]
