%YAML:1.0
---
points: [ 1.09526343e+03, 4.78574036e+02, 1.07841333e+03, 4.95251770e+02,
    1.06160303e+03, 5.11841583e+02, 1.04450415e+03, 5.28656555e+02,
    1.02674280e+03, 5.46078979e+02, 1.07784741e+03, 4.60631866e+02,
    1.06124304e+03, 4.77110291e+02, 1.04407910e+03, 4.93637238e+02,
    1.02668201e+03, 5.10389252e+02, 1.00923840e+03, 5.27524902e+02,
    1.06071252e+03, 4.42575897e+02, 1.04380896e+03, 4.59018616e+02,
    1.02646313e+03, 4.75437439e+02, 1.00930225e+03, 4.92184967e+02,
    9.91488220e+02, 5.09317322e+02, 1.04345532e+03, 4.24632568e+02,
    1.02632739e+03, 4.40959351e+02, 1.00913190e+03, 4.57315857e+02,
    9.91617249e+02, 4.73917328e+02, 9.73608032e+02, 4.90813843e+02,
    1.02616602e+03, 4.06683411e+02, 1.00904846e+03, 4.22899384e+02,
    9.91658386e+02, 4.39260345e+02, 9.73886719e+02, 4.55633942e+02,
    9.56156372e+02, 4.72614502e+02, 1.00873560e+03, 3.88911560e+02,
    9.91543579e+02, 4.05092224e+02, 9.74155640e+02, 4.21284485e+02,
    9.56454468e+02, 4.37501923e+02, 9.38314880e+02, 4.54285645e+02,
    9.91386902e+02, 3.71186432e+02, 9.73963196e+02, 3.86923492e+02,
    9.56473755e+02, 4.03108612e+02, 9.38690369e+02, 4.19420715e+02,
    9.20609253e+02, 4.35910034e+02 ]
