%YAML:1.0
---
points: [ 2.70097260e+02, 1.87444107e+02, 2.61065125e+02, 1.92154495e+02,
    2.52345016e+02, 1.96751053e+02, 2.43824112e+02, 2.01237991e+02,
    2.35542801e+02, 2.05484207e+02, 2.64560089e+02, 1.77758316e+02,
    2.55632309e+02, 1.82663803e+02, 2.46978607e+02, 1.87363953e+02,
    2.38486389e+02, 1.92028030e+02, 2.30292450e+02, 1.96396790e+02,
    2.59064636e+02, 1.68171860e+02, 2.50129120e+02, 1.73185928e+02,
    2.41471878e+02, 1.78019348e+02, 2.33123154e+02, 1.82706650e+02,
    2.24955627e+02, 1.87291916e+02, 2.53413223e+02, 1.58363266e+02,
    2.44582779e+02, 1.63544830e+02, 2.36079178e+02, 1.68504242e+02,
    2.27677017e+02, 1.73411148e+02, 2.19579681e+02, 1.78100128e+02,
    2.47885529e+02, 1.48570847e+02, 2.39090042e+02, 1.53895676e+02,
    2.30526535e+02, 1.59023941e+02, 2.22231476e+02, 1.64021515e+02,
    2.14168900e+02, 1.68901917e+02, 2.42307785e+02, 1.38586365e+02,
    2.33517563e+02, 1.44081772e+02, 2.25081848e+02, 1.49361008e+02,
    2.16809723e+02, 1.54497589e+02, 2.08704330e+02, 1.59478699e+02,
    2.36681824e+02, 1.28587143e+02, 2.27931030e+02, 1.34199005e+02,
    2.19443878e+02, 1.39560135e+02, 2.11229370e+02, 1.44902328e+02,
    2.03234467e+02, 1.50133026e+02 ]
