%YAML:1.0
---
points: [ 3.04894073e+02, 1.26925606e+02, 2.98528076e+02, 1.32530289e+02,
    2.92446930e+02, 1.38045837e+02, 2.86434631e+02, 1.43438660e+02,
    2.80542908e+02, 1.48669495e+02, 2.99319061e+02, 1.20495232e+02,
    2.93111115e+02, 1.26288277e+02, 2.87034363e+02, 1.31848114e+02,
    2.81051849e+02, 1.37329239e+02, 2.75291840e+02, 1.42709610e+02,
    2.93739136e+02, 1.14226143e+02, 2.87531891e+02, 1.20031372e+02,
    2.81489410e+02, 1.25666595e+02, 2.75598206e+02, 1.31196808e+02,
    2.69780518e+02, 1.36553024e+02, 2.88113983e+02, 1.07838142e+02,
    2.82022797e+02, 1.13684212e+02, 2.76037811e+02, 1.19398933e+02,
    2.70181976e+02, 1.25031708e+02, 2.64439575e+02, 1.30565460e+02,
    2.82497192e+02, 1.01381775e+02, 2.76437225e+02, 1.07356972e+02,
    2.70483154e+02, 1.13168365e+02, 2.64707703e+02, 1.18828262e+02,
    2.58950378e+02, 1.24343407e+02, 2.76944672e+02, 9.49011993e+01,
    2.70886353e+02, 1.00962440e+02, 2.65023346e+02, 1.06826828e+02,
    2.59255096e+02, 1.12582085e+02, 2.53558487e+02, 1.18299553e+02,
    2.71270477e+02, 8.84254303e+01, 2.65268280e+02, 9.44826202e+01,
    2.59349976e+02, 1.00467506e+02, 2.53659790e+02, 1.06273041e+02,
    2.48045334e+02, 1.12003929e+02 ]
