%YAML:1.0
---
points: [ 1.03718945e+03, 4.47325714e+02, 1.01176349e+03, 4.60557953e+02,
    9.87213379e+02, 4.73506348e+02, 9.63338440e+02, 4.85876465e+02,
    9.40460571e+02, 4.97948059e+02, 1.02123865e+03, 4.18784241e+02,
    9.96097168e+02, 4.32506805e+02, 9.71568848e+02, 4.45964874e+02,
    9.47905640e+02, 4.58728119e+02, 9.25270142e+02, 4.71255280e+02,
    1.00504004e+03, 3.90284760e+02, 9.79945557e+02, 4.04613495e+02,
    9.55817932e+02, 4.18355499e+02, 9.32421692e+02, 4.31598419e+02,
    9.09827271e+02, 4.44472626e+02, 9.88659302e+02, 3.61522003e+02,
    9.63971069e+02, 3.76264221e+02, 9.40071472e+02, 3.90471619e+02,
    9.16849792e+02, 4.04253967e+02, 8.94452209e+02, 4.17545898e+02,
    9.72614441e+02, 3.32536469e+02, 9.47993042e+02, 3.47714355e+02,
    9.24281006e+02, 3.62443512e+02, 9.01185974e+02, 3.76708923e+02,
    8.78773376e+02, 3.90534668e+02, 9.56474060e+02, 3.03272675e+02,
    9.32017517e+02, 3.18962738e+02, 9.08396606e+02, 3.34270538e+02,
    8.85511902e+02, 3.48901855e+02, 8.63330505e+02, 3.63288422e+02,
    9.40163513e+02, 2.73607819e+02, 9.15660278e+02, 2.89976532e+02,
    8.92332825e+02, 3.05705719e+02, 8.69500122e+02, 3.20924377e+02,
    8.47472534e+02, 3.35637238e+02 ]
