%YAML:1.0
---
points: [ 1.14317151e+03, 4.34056763e+02, 1.12661609e+03, 4.50325653e+02,
    1.11002747e+03, 4.66562317e+02, 1.09319006e+03, 4.83044830e+02,
    1.07583728e+03, 4.99894714e+02, 1.12583557e+03, 4.16016876e+02,
    1.10937195e+03, 4.32260590e+02, 1.09255652e+03, 4.48401703e+02,
    1.07562378e+03, 4.64584900e+02, 1.05830603e+03, 4.81620178e+02,
    1.10876709e+03, 3.98140045e+02, 1.09222021e+03, 4.14182373e+02,
    1.07521484e+03, 4.30220428e+02, 1.05823694e+03, 4.46585236e+02,
    1.04066699e+03, 4.63260712e+02, 1.09162402e+03, 3.80096497e+02,
    1.07474500e+03, 3.96109650e+02, 1.05769031e+03, 4.12003906e+02,
    1.04067712e+03, 4.28332672e+02, 1.02301172e+03, 4.44898499e+02,
    1.07443701e+03, 3.62320343e+02, 1.05751953e+03, 3.78274750e+02,
    1.04049438e+03, 3.93964264e+02, 1.02313507e+03, 4.10122467e+02,
    1.00547113e+03, 4.26626251e+02, 1.05709753e+03, 3.44537415e+02,
    1.04025696e+03, 3.60214417e+02, 1.02291742e+03, 3.76110199e+02,
    1.00551178e+03, 3.92018158e+02, 9.87855713e+02, 4.08374329e+02,
    1.03986414e+03, 3.26685303e+02, 1.02272357e+03, 3.42250641e+02,
    1.00547699e+03, 3.57925995e+02, 9.88124939e+02, 3.73740326e+02,
    9.70235291e+02, 3.90051392e+02 ]
