%YAML:1.0
---
points: [ 2.87744659e+02, 1.78576660e+02, 2.78704712e+02, 1.83175751e+02,
    2.70013916e+02, 1.87609756e+02, 2.61430023e+02, 1.91928284e+02,
    2.53318222e+02, 1.96065720e+02, 2.82304840e+02, 1.68750107e+02,
    2.73325073e+02, 1.73531982e+02, 2.64671387e+02, 1.78161087e+02,
    2.56264191e+02, 1.82669281e+02, 2.48186234e+02, 1.86861755e+02,
    2.76795349e+02, 1.58998596e+02, 2.67880676e+02, 1.63936584e+02,
    2.59274933e+02, 1.68649277e+02, 2.50946335e+02, 1.73272064e+02,
    2.42922165e+02, 1.77722153e+02, 2.71259888e+02, 1.49074570e+02,
    2.62417206e+02, 1.54155807e+02, 2.53901291e+02, 1.59114120e+02,
    2.45631912e+02, 1.63833145e+02, 2.37709671e+02, 1.68405640e+02,
    2.65783630e+02, 1.39063232e+02, 2.57038147e+02, 1.44338531e+02,
    2.48505173e+02, 1.49390610e+02, 2.40294418e+02, 1.54305145e+02,
    2.32350388e+02, 1.59144470e+02, 2.60262115e+02, 1.28884445e+02,
    2.51492615e+02, 1.34338791e+02, 2.43140015e+02, 1.39653992e+02,
    2.34991638e+02, 1.44779587e+02, 2.27083649e+02, 1.49678162e+02,
    2.54706070e+02, 1.18715843e+02, 2.46021927e+02, 1.24351578e+02,
    2.37644485e+02, 1.29811752e+02, 2.29484161e+02, 1.35066925e+02,
    2.21644302e+02, 1.40221619e+02 ]
