%YAML:1.0
---
points: [ 2.61760010e+02, 1.95699310e+02, 2.52852051e+02, 2.00216721e+02,
    2.44241013e+02, 2.04661545e+02, 2.35844513e+02, 2.08985733e+02,
    2.27678391e+02, 2.13159241e+02, 2.56183685e+02, 1.85938980e+02,
    2.47361954e+02, 1.90609482e+02, 2.38800659e+02, 1.95224304e+02,
    2.30457291e+02, 1.99677902e+02, 2.22360886e+02, 2.03950439e+02,
    2.50624939e+02, 1.76218689e+02, 2.41824051e+02, 1.81087723e+02,
    2.33319183e+02, 1.85769608e+02, 2.25066772e+02, 1.90298019e+02,
    2.17063690e+02, 1.94774292e+02, 2.45003433e+02, 1.66340790e+02,
    2.36273376e+02, 1.71309128e+02, 2.27814453e+02, 1.76212463e+02,
    2.19571793e+02, 1.80934708e+02, 2.11590485e+02, 1.85404572e+02,
    2.39345993e+02, 1.56392029e+02, 2.30707245e+02, 1.61562515e+02,
    2.22298706e+02, 1.66536911e+02, 2.14149643e+02, 1.71419968e+02,
    2.06216446e+02, 1.76182480e+02, 2.33729263e+02, 1.46324127e+02,
    2.25174820e+02, 1.51726318e+02, 2.16740677e+02, 1.56850800e+02,
    2.08613708e+02, 1.61874390e+02, 2.00719742e+02, 1.66710007e+02,
    2.28050415e+02, 1.36213654e+02, 2.19406937e+02, 1.41711868e+02,
    2.11118515e+02, 1.47039124e+02, 2.03031555e+02, 1.52228546e+02,
    1.95175201e+02, 1.57243835e+02 ]
