%YAML:1.0
---
points: [ 1.16125073e+03, 4.15496765e+02, 1.14543945e+03, 4.30763123e+02,
    1.12961853e+03, 4.46239868e+02, 1.11362817e+03, 4.61845245e+02,
    1.09697229e+03, 4.78126831e+02, 1.14434058e+03, 3.97853821e+02,
    1.12860962e+03, 4.13120605e+02, 1.11256689e+03, 4.28421692e+02,
    1.09641113e+03, 4.43869171e+02, 1.07976282e+03, 4.59955841e+02,
    1.12769873e+03, 3.80255066e+02, 1.11170483e+03, 3.95289154e+02,
    1.09571509e+03, 4.10518494e+02, 1.07932983e+03, 4.25914429e+02,
    1.06255310e+03, 4.42039032e+02, 1.11102087e+03, 3.62494232e+02,
    1.09495227e+03, 3.77671814e+02, 1.07863843e+03, 3.92686005e+02,
    1.06225562e+03, 4.08060944e+02, 1.04546655e+03, 4.23932343e+02,
    1.09429761e+03, 3.45038818e+02, 1.07797437e+03, 3.59931244e+02,
    1.06175891e+03, 3.75008820e+02, 1.04532520e+03, 3.90282104e+02,
    1.02819739e+03, 4.05912659e+02, 1.07744226e+03, 3.27724335e+02,
    1.06126611e+03, 3.42430725e+02, 1.04474487e+03, 3.57447968e+02,
    1.02802576e+03, 3.72552399e+02, 1.01099835e+03, 3.87890350e+02,
    1.06061438e+03, 3.10167572e+02, 1.04426367e+03, 3.24757324e+02,
    1.02761304e+03, 3.39465973e+02, 1.01085431e+03, 3.54492920e+02,
    9.93627258e+02, 3.69945129e+02 ]
