%YAML:1.0
---
points: [ 3.27807709e+02, 1.06887474e+02, 3.21109924e+02, 1.12941124e+02,
    3.14664337e+02, 1.18851593e+02, 3.08306702e+02, 1.24595657e+02,
    3.02195343e+02, 1.30175095e+02, 3.21924286e+02, 1.00230034e+02,
    3.15338562e+02, 1.06427711e+02, 3.08911072e+02, 1.12394600e+02,
    3.02685455e+02, 1.18280403e+02, 2.96592194e+02, 1.23966179e+02,
    3.16084869e+02, 9.36587372e+01, 3.09508240e+02, 9.99012909e+01,
    3.03175903e+02, 1.05956741e+02, 2.96981323e+02, 1.11872536e+02,
    2.90933746e+02, 1.17658257e+02, 3.10093292e+02, 8.68975754e+01,
    3.03696106e+02, 9.32872620e+01, 2.97372009e+02, 9.94120865e+01,
    2.91215302e+02, 1.05487244e+02, 2.85332123e+02, 1.11361214e+02,
    3.04241364e+02, 8.02372971e+01, 2.97801727e+02, 8.66707764e+01,
    2.91593994e+02, 9.29141541e+01, 2.85478180e+02, 9.90004959e+01,
    2.79604736e+02, 1.04992470e+02, 2.98265991e+02, 7.34108505e+01,
    2.91968353e+02, 7.99912262e+01, 2.85781830e+02, 8.63445282e+01,
    2.79806427e+02, 9.25766373e+01, 2.73945251e+02, 9.86413269e+01,
    2.92307159e+02, 6.65978012e+01, 2.86040527e+02, 7.32841492e+01,
    2.79872009e+02, 7.97300491e+01, 2.73947723e+02, 8.59625778e+01,
    2.68156769e+02, 9.22079315e+01 ]
