%YAML:1.0
---
points: [ 9.61384338e+02, 4.96490814e+02, 9.36264648e+02, 5.09664978e+02,
    9.11754639e+02, 5.22590515e+02, 8.88123108e+02, 5.35217651e+02,
    8.65257141e+02, 5.47244446e+02, 9.45176086e+02, 4.68132324e+02,
    9.20242249e+02, 4.81664948e+02, 8.95887878e+02, 4.95109711e+02,
    8.72296631e+02, 5.08063293e+02, 8.49542419e+02, 5.20450256e+02,
    9.28630005e+02, 4.39659332e+02, 9.03785400e+02, 4.53735535e+02,
    8.79755371e+02, 4.67511353e+02, 8.56429565e+02, 4.80774750e+02,
    8.33689209e+02, 4.93658356e+02, 9.12006348e+02, 4.10985016e+02,
    8.87541626e+02, 4.25616455e+02, 8.63588257e+02, 4.39666626e+02,
    8.40481262e+02, 4.53313812e+02, 8.17995850e+02, 4.66588623e+02,
    8.95634949e+02, 3.82241852e+02, 8.71264526e+02, 3.97200836e+02,
    8.47503662e+02, 4.11647034e+02, 8.24456116e+02, 4.25786804e+02,
    8.02088989e+02, 4.39557068e+02, 8.79307495e+02, 3.53091766e+02,
    8.54936523e+02, 3.68482574e+02, 8.31313721e+02, 3.83483337e+02,
    8.08451843e+02, 3.98020569e+02, 7.86126099e+02, 4.12235901e+02,
    8.62479065e+02, 3.23664246e+02, 8.38330994e+02, 3.39559235e+02,
    8.14829895e+02, 3.55013702e+02, 7.92050415e+02, 3.69917450e+02,
    7.69959961e+02, 3.84530792e+02 ]
