%YAML:1.0
---
points: [ 1.06135168e+03, 5.19197815e+02, 1.04230957e+03, 5.36419189e+02,
    1.02331055e+03, 5.53684265e+02, 1.00407397e+03, 5.71374573e+02,
    9.84439392e+02, 5.89183960e+02, 1.04367712e+03, 4.99552063e+02,
    1.02470239e+03, 5.16645813e+02, 1.00551636e+03, 5.33963135e+02,
    9.86313171e+02, 5.51422974e+02, 9.66576904e+02, 5.69124817e+02,
    1.02619922e+03, 4.79784729e+02, 1.00709637e+03, 4.96868378e+02,
    9.87893494e+02, 5.14152039e+02, 9.68469543e+02, 5.31423523e+02,
    9.48636230e+02, 5.49216309e+02, 1.00868024e+03, 4.60182617e+02,
    9.89438416e+02, 4.77248505e+02, 9.70151306e+02, 4.94316162e+02,
    9.50673218e+02, 5.11475281e+02, 9.30752380e+02, 5.29191833e+02,
    9.91223022e+02, 4.40590942e+02, 9.71823120e+02, 4.57553833e+02,
    9.52417542e+02, 4.74549927e+02, 9.32803589e+02, 4.91720398e+02,
    9.12978882e+02, 5.09251556e+02, 9.73507935e+02, 4.21163757e+02,
    9.54162537e+02, 4.37843109e+02, 9.34678711e+02, 4.54782349e+02,
    9.15043457e+02, 4.71906250e+02, 8.95125122e+02, 4.89320526e+02,
    9.55857788e+02, 4.01527435e+02, 9.36432739e+02, 4.18201996e+02,
    9.16876099e+02, 4.35042053e+02, 8.97192139e+02, 4.51993256e+02,
    8.77149414e+02, 4.69290131e+02 ]
