%YAML:1.0
---
points: [ 9.91019348e+02, 4.87610657e+02, 9.66197754e+02, 5.00584564e+02,
    9.42088440e+02, 5.13041809e+02, 9.18673157e+02, 5.25330933e+02,
    8.96316711e+02, 5.36775085e+02, 9.74656799e+02, 4.58984711e+02,
    9.50182922e+02, 4.72443115e+02, 9.26231567e+02, 4.85388336e+02,
    9.03040283e+02, 4.98106171e+02, 8.80761658e+02, 5.10061127e+02,
    9.58272888e+02, 4.30421539e+02, 9.33808228e+02, 4.44387512e+02,
    9.10220825e+02, 4.57634125e+02, 8.87286194e+02, 4.70653625e+02,
    8.65249878e+02, 4.83218323e+02, 9.41640564e+02, 4.01623077e+02,
    9.17593018e+02, 4.15837128e+02, 8.94142944e+02, 4.29792633e+02,
    8.71454651e+02, 4.43271088e+02, 8.49585022e+02, 4.56207214e+02,
    9.25396912e+02, 3.72504730e+02, 9.01332703e+02, 3.87376953e+02,
    8.78105347e+02, 4.01705597e+02, 8.55528625e+02, 4.15648987e+02,
    8.33777710e+02, 4.29082153e+02, 9.09029053e+02, 3.43244629e+02,
    8.85197693e+02, 3.58517609e+02, 8.62051147e+02, 3.73404755e+02,
    8.39674438e+02, 3.87649261e+02, 8.18009460e+02, 4.01741486e+02,
    8.92430359e+02, 3.13615479e+02, 8.68556213e+02, 3.29552124e+02,
    8.45674927e+02, 3.44789429e+02, 8.23508789e+02, 3.59656677e+02,
    8.02028625e+02, 3.74043427e+02 ]
