%YAML:1.0
---
points: [ 2.69200684e+02, 1.57076477e+02, 2.63198151e+02, 1.62330688e+02,
    2.57461853e+02, 1.67393326e+02, 2.51788498e+02, 1.72537994e+02,
    2.46119675e+02, 1.77293945e+02, 2.63613190e+02, 1.50932663e+02,
    2.57816498e+02, 1.56291168e+02, 2.52169495e+02, 1.61483444e+02,
    2.46451462e+02, 1.66655014e+02, 2.41194824e+02, 1.71584869e+02,
    2.58223907e+02, 1.44895264e+02, 2.52371063e+02, 1.50247101e+02,
    2.46664734e+02, 1.55475113e+02, 2.41128937e+02, 1.60617966e+02,
    2.35610260e+02, 1.65656906e+02, 2.52611603e+02, 1.38636871e+02,
    2.46929428e+02, 1.44157684e+02, 2.41268250e+02, 1.49413879e+02,
    2.35803711e+02, 1.54662262e+02, 2.30371872e+02, 1.59834900e+02,
    2.47200638e+02, 1.32522522e+02, 2.41420456e+02, 1.38063675e+02,
    2.35900330e+02, 1.43386017e+02, 2.30293900e+02, 1.48670486e+02,
    2.24964081e+02, 1.53800949e+02, 2.41565994e+02, 1.26215065e+02,
    2.36004593e+02, 1.31822113e+02, 2.30350494e+02, 1.37288528e+02,
    2.25080963e+02, 1.42601028e+02, 2.19583069e+02, 1.48036972e+02,
    2.36104370e+02, 1.20046486e+02, 2.30380707e+02, 1.25616516e+02,
    2.24882904e+02, 1.31178741e+02, 2.19403259e+02, 1.36468811e+02,
    2.14051147e+02, 1.41808411e+02 ]
