%YAML:1.0
---
points: [ 2.72140503e+02, 1.92413925e+02, 2.63237610e+02, 1.96852417e+02,
    2.54660919e+02, 2.01198425e+02, 2.46399048e+02, 2.05323776e+02,
    2.38431503e+02, 2.09359177e+02, 2.66532318e+02, 1.82541214e+02,
    2.57783020e+02, 1.87255508e+02, 2.49294647e+02, 1.91690308e+02,
    2.41108505e+02, 1.96067215e+02, 2.33161652e+02, 2.00178894e+02,
    2.60981567e+02, 1.72823837e+02, 2.52264435e+02, 1.77524445e+02,
    2.43788040e+02, 1.82203934e+02, 2.35708862e+02, 1.86609512e+02,
    2.27860291e+02, 1.91009155e+02, 2.55306229e+02, 1.62858124e+02,
    2.46692093e+02, 1.67802658e+02, 2.38341553e+02, 1.72561768e+02,
    2.30291962e+02, 1.77258835e+02, 2.22460907e+02, 1.81668030e+02,
    2.49713577e+02, 1.52852966e+02, 2.41141205e+02, 1.58004578e+02,
    2.32886337e+02, 1.62966553e+02, 2.24847870e+02, 1.67707565e+02,
    2.17162613e+02, 1.72363556e+02, 2.44130386e+02, 1.42699112e+02,
    2.35579193e+02, 1.48031342e+02, 2.27342026e+02, 1.53171936e+02,
    2.19409927e+02, 1.58150146e+02, 2.11710098e+02, 1.62935394e+02,
    2.38435883e+02, 1.32460159e+02, 2.29980270e+02, 1.38064087e+02,
    2.21812393e+02, 1.43303299e+02, 2.13849274e+02, 1.48406174e+02,
    2.06249405e+02, 1.53372192e+02 ]
