%YAML:1.0
---
points: [ 2.95266266e+02, 1.29752106e+02, 2.89024933e+02, 1.35258957e+02,
    2.83078186e+02, 1.40595993e+02, 2.77138580e+02, 1.45848984e+02,
    2.71413361e+02, 1.50854309e+02, 2.89593750e+02, 1.23304901e+02,
    2.83507446e+02, 1.28960129e+02, 2.77539276e+02, 1.34351624e+02,
    2.71766937e+02, 1.39700653e+02, 2.66188568e+02, 1.44902283e+02,
    2.84065826e+02, 1.17008942e+02, 2.77966248e+02, 1.22612144e+02,
    2.72085205e+02, 1.28179398e+02, 2.66304749e+02, 1.33518051e+02,
    2.60547211e+02, 1.38759552e+02, 2.78316711e+02, 1.10436905e+02,
    2.72378113e+02, 1.16276314e+02, 2.66518890e+02, 1.21826180e+02,
    2.60807220e+02, 1.27302437e+02, 2.55305298e+02, 1.32703415e+02,
    2.72739899e+02, 1.04065727e+02, 2.66800568e+02, 1.09851959e+02,
    2.61000427e+02, 1.15483398e+02, 2.55297348e+02, 1.21065659e+02,
    2.49729202e+02, 1.26422661e+02, 2.67084351e+02, 9.74061661e+01,
    2.61216858e+02, 1.03354034e+02, 2.55381744e+02, 1.09177101e+02,
    2.49873596e+02, 1.14795868e+02, 2.44313797e+02, 1.20395470e+02,
    2.61341156e+02, 9.08162918e+01, 2.55430176e+02, 9.68567734e+01,
    2.49801636e+02, 1.02722282e+02, 2.44228577e+02, 1.08419899e+02,
    2.38708237e+02, 1.14052628e+02 ]
