%YAML:1.0
---
points: [ 8.92276367e+02, 6.67472534e+02, 8.73503235e+02, 6.84530762e+02,
    8.54622131e+02, 7.01789490e+02, 8.35433594e+02, 7.19469421e+02,
    8.15731689e+02, 7.37435974e+02, 8.75395874e+02, 6.48572998e+02,
    8.56550415e+02, 6.65619690e+02, 8.37539307e+02, 6.82798401e+02,
    8.18298096e+02, 7.00237549e+02, 7.98498108e+02, 7.18169800e+02,
    8.58587585e+02, 6.29894958e+02, 8.39670410e+02, 6.46761108e+02,
    8.20555786e+02, 6.63853088e+02, 8.01150330e+02, 6.81146179e+02,
    7.81256287e+02, 6.98878784e+02, 8.41819397e+02, 6.11152710e+02,
    8.22796753e+02, 6.27861755e+02, 8.03532532e+02, 6.44829529e+02,
    7.83838989e+02, 6.62107056e+02, 7.63768616e+02, 6.79611511e+02,
    8.25130676e+02, 5.92534851e+02, 8.05832520e+02, 6.09182922e+02,
    7.86431519e+02, 6.25929810e+02, 7.66783630e+02, 6.42949890e+02,
    7.46624634e+02, 6.60482300e+02, 8.08209167e+02, 5.73840881e+02,
    7.88875305e+02, 5.90356628e+02, 7.69359436e+02, 6.07016418e+02,
    7.49581116e+02, 6.23938782e+02, 7.29381348e+02, 6.41329712e+02,
    7.91327454e+02, 5.55103088e+02, 7.71861816e+02, 5.71517273e+02,
    7.52251953e+02, 5.88010437e+02, 7.32328125e+02, 6.04761902e+02,
    7.11941528e+02, 6.21925781e+02 ]
