%YAML:1.0
---
points: [ 8.98266602e+02, 5.49588745e+02, 8.73405029e+02, 5.62700928e+02,
    8.49235291e+02, 5.75397217e+02, 8.25580444e+02, 5.87813049e+02,
    8.02855225e+02, 5.99627808e+02, 8.81612976e+02, 5.21001038e+02,
    8.56933838e+02, 5.34495300e+02, 8.32745422e+02, 5.47538025e+02,
    8.09437744e+02, 5.60402344e+02, 7.86799377e+02, 5.72643860e+02,
    8.64699280e+02, 4.92404694e+02, 8.40196472e+02, 5.06212555e+02,
    8.16326965e+02, 5.19696106e+02, 7.93166687e+02, 5.32724243e+02,
    7.70705444e+02, 5.45533081e+02, 8.47710754e+02, 4.63446686e+02,
    8.23465576e+02, 4.77668793e+02, 7.99774780e+02, 4.91585144e+02,
    7.76842712e+02, 5.05109467e+02, 7.54619324e+02, 5.18199890e+02,
    8.30910095e+02, 4.34394684e+02, 8.06749817e+02, 4.49115936e+02,
    7.83354919e+02, 4.63381134e+02, 7.60494568e+02, 4.77285278e+02,
    7.38285828e+02, 4.90712524e+02, 8.14215454e+02, 4.05052368e+02,
    7.90113281e+02, 4.20255310e+02, 7.66729492e+02, 4.34888641e+02,
    7.44152832e+02, 4.49249542e+02, 7.21991028e+02, 4.63140533e+02,
    7.97229858e+02, 3.75443970e+02, 7.73210632e+02, 3.90972778e+02,
    7.50071777e+02, 4.06215668e+02, 7.27450623e+02, 4.20904999e+02,
    7.05496521e+02, 4.35286011e+02 ]
