%YAML:1.0
---
points: [ 2.40399994e+02, 2.13956558e+02, 2.31608292e+02, 2.18361801e+02,
    2.23067047e+02, 2.22835678e+02, 2.14649719e+02, 2.27101425e+02,
    2.06596039e+02, 2.31191193e+02, 2.34711578e+02, 2.04085236e+02,
    2.26061264e+02, 2.08737839e+02, 2.17481491e+02, 2.13217560e+02,
    2.09214859e+02, 2.17701721e+02, 2.01188400e+02, 2.21936340e+02,
    2.29016907e+02, 1.94276459e+02, 2.20286682e+02, 1.99064209e+02,
    2.11829285e+02, 2.03684021e+02, 2.03610031e+02, 2.08183853e+02,
    1.95649078e+02, 2.12567078e+02, 2.23204330e+02, 1.84305939e+02,
    2.14584732e+02, 1.89275543e+02, 2.06189423e+02, 1.94064240e+02,
    1.98069321e+02, 1.98673386e+02, 1.90161591e+02, 2.03179153e+02,
    2.17418854e+02, 1.74355194e+02, 2.08897079e+02, 1.79399963e+02,
    2.00543152e+02, 1.84341949e+02, 1.92375458e+02, 1.89144333e+02,
    1.84588196e+02, 1.93774155e+02, 2.11682602e+02, 1.64239410e+02,
    2.03199768e+02, 1.69456635e+02, 1.94901154e+02, 1.74555725e+02,
    1.86822891e+02, 1.79477280e+02, 1.78938995e+02, 1.84235031e+02,
    2.05852844e+02, 1.54057999e+02, 1.97359283e+02, 1.59421951e+02,
    1.89125992e+02, 1.64644272e+02, 1.81063385e+02, 1.69746765e+02,
    1.73239166e+02, 1.74694595e+02 ]
