%YAML:1.0
---
points: [ 3.32466248e+02, 9.71044846e+01, 3.25699310e+02, 1.02917465e+02,
    3.19219543e+02, 1.08625725e+02, 3.12800110e+02, 1.14134254e+02,
    3.06638123e+02, 1.19416161e+02, 3.26734406e+02, 9.01986084e+01,
    3.20135376e+02, 9.62121353e+01, 3.13595276e+02, 1.01976929e+02,
    3.07316956e+02, 1.07608383e+02, 3.01285583e+02, 1.13137383e+02,
    3.21086182e+02, 8.33436356e+01, 3.14362915e+02, 8.93776627e+01,
    3.08016388e+02, 9.53243103e+01, 3.01766083e+02, 1.01031792e+02,
    2.95740814e+02, 1.06578049e+02, 3.15150909e+02, 7.63797531e+01,
    3.08641754e+02, 8.25770645e+01, 3.02335510e+02, 8.85170135e+01,
    2.96206085e+02, 9.43916016e+01, 2.90269135e+02, 1.00115883e+02,
    3.09360168e+02, 6.94286041e+01, 3.02958344e+02, 7.57570572e+01,
    2.96661285e+02, 8.18413925e+01, 2.90567474e+02, 8.77349319e+01,
    2.84731140e+02, 9.34949570e+01, 3.03584320e+02, 6.23968086e+01,
    2.97202850e+02, 6.88103256e+01, 2.91003082e+02, 7.50515671e+01,
    2.85077911e+02, 8.10652542e+01, 2.79169128e+02, 8.69973068e+01,
    2.97693298e+02, 5.52753372e+01, 2.91323364e+02, 6.18869095e+01,
    2.85262878e+02, 6.81344070e+01, 2.79320709e+02, 7.43317795e+01,
    2.73571106e+02, 8.02684708e+01 ]
