%YAML:1.0
---
points: [ 9.48922119e+02, 5.64230591e+02, 9.24445862e+02, 5.76085266e+02,
    9.00433167e+02, 5.87592468e+02, 8.77343445e+02, 5.98725525e+02,
    8.55095581e+02, 6.09488403e+02, 9.33375244e+02, 5.35172241e+02,
    9.08951294e+02, 5.47466858e+02, 8.85215393e+02, 5.59406799e+02,
    8.62257874e+02, 5.71124390e+02, 8.40275574e+02, 5.82107544e+02,
    9.17494263e+02, 5.06148010e+02, 8.93262634e+02, 5.18937073e+02,
    8.69789734e+02, 5.31319214e+02, 8.47175537e+02, 5.43239685e+02,
    8.25304443e+02, 5.54685547e+02, 9.01418945e+02, 4.76927338e+02,
    8.77683411e+02, 4.90218781e+02, 8.54403381e+02, 5.02973236e+02,
    8.31838196e+02, 5.15371643e+02, 8.10312622e+02, 5.27277283e+02,
    8.85751953e+02, 4.47609619e+02, 8.62113281e+02, 4.61357208e+02,
    8.39121155e+02, 4.74559937e+02, 8.16716431e+02, 4.87395660e+02,
    7.95294312e+02, 4.99809265e+02, 8.70328369e+02, 4.18168945e+02,
    8.46633911e+02, 4.32329254e+02, 8.23804688e+02, 4.46088776e+02,
    8.01747620e+02, 4.59254852e+02, 7.80244263e+02, 4.72179291e+02,
    8.54404053e+02, 3.88389954e+02, 8.30881653e+02, 4.03233826e+02,
    8.08292847e+02, 4.17382233e+02, 7.86313171e+02, 4.30946228e+02,
    7.65083984e+02, 4.44367401e+02 ]
