%YAML:1.0
---
points: [ 1.07658008e+03, 4.93616211e+02, 1.05850330e+03, 5.09881622e+02,
    1.04045874e+03, 5.26230225e+02, 1.02231708e+03, 5.42452393e+02,
    1.00398492e+03, 5.58710510e+02, 1.06034839e+03, 4.75293182e+02,
    1.04220996e+03, 4.91551666e+02, 1.02403162e+03, 5.07790253e+02,
    1.00583453e+03, 5.24158203e+02, 9.87649170e+02, 5.40566528e+02,
    1.04403101e+03, 4.57048340e+02, 1.02576416e+03, 4.73396027e+02,
    1.00768127e+03, 4.89549377e+02, 9.89568909e+02, 5.05717102e+02,
    9.71325867e+02, 5.22262329e+02, 1.02761536e+03, 4.38651154e+02,
    1.00946521e+03, 4.55037354e+02, 9.91406006e+02, 4.71363403e+02,
    9.73240051e+02, 4.87550354e+02, 9.54865112e+02, 5.03929108e+02,
    1.01138794e+03, 4.20561646e+02, 9.93215332e+02, 4.36736267e+02,
    9.74967529e+02, 4.52968140e+02, 9.56807556e+02, 4.69313843e+02,
    9.38526306e+02, 4.85625275e+02, 9.94993408e+02, 4.02376282e+02,
    9.76755249e+02, 4.18595520e+02, 9.58624817e+02, 4.34757477e+02,
    9.40537170e+02, 4.51160706e+02, 9.22270996e+02, 4.67417267e+02,
    9.78536377e+02, 3.83999695e+02, 9.60413391e+02, 4.00355286e+02,
    9.42304626e+02, 4.16446777e+02, 9.24144226e+02, 4.32618195e+02,
    9.05726501e+02, 4.49138947e+02 ]
