%YAML:1.0
---
points: [ 2.57963989e+02, 2.18956604e+02, 2.49212799e+02, 2.22961319e+02,
    2.40695007e+02, 2.26941528e+02, 2.32420319e+02, 2.30787369e+02,
    2.24570435e+02, 2.34459305e+02, 2.52557175e+02, 2.08836594e+02,
    2.43938751e+02, 2.13175613e+02, 2.35470291e+02, 2.17254883e+02,
    2.27320755e+02, 2.21295380e+02, 2.19470886e+02, 2.25123276e+02,
    2.47178162e+02, 1.98985031e+02, 2.38549210e+02, 2.03325012e+02,
    2.30247284e+02, 2.07627411e+02, 2.22208023e+02, 2.11710815e+02,
    2.14362396e+02, 2.15710953e+02, 2.41704605e+02, 1.88981934e+02,
    2.33202301e+02, 1.93476044e+02, 2.24971954e+02, 1.97912750e+02,
    2.17014267e+02, 2.02193115e+02, 2.09262924e+02, 2.06246323e+02,
    2.36305695e+02, 1.78910431e+02, 2.27939743e+02, 1.83576035e+02,
    2.19691269e+02, 1.88176056e+02, 2.11788422e+02, 1.92580170e+02,
    2.04123001e+02, 1.96879623e+02, 2.31007507e+02, 1.68749496e+02,
    2.22573044e+02, 1.73593430e+02, 2.14456207e+02, 1.78311157e+02,
    2.06572235e+02, 1.82901871e+02, 1.99011520e+02, 1.87292130e+02,
    2.25563690e+02, 1.58469101e+02, 2.17197327e+02, 1.63582703e+02,
    2.09134933e+02, 1.68418655e+02, 2.01278641e+02, 1.73195740e+02,
    1.93749420e+02, 1.77777252e+02 ]
