%YAML:1.0
---
points: [ 9.16036926e+02, 6.01945557e+02, 8.91186584e+02, 6.13225586e+02,
    8.66844727e+02, 6.24209595e+02, 8.43196838e+02, 6.34703613e+02,
    8.20577087e+02, 6.44885315e+02, 9.01187317e+02, 5.72402466e+02,
    8.76505066e+02, 5.84050476e+02, 8.52331665e+02, 5.95450867e+02,
    8.28752686e+02, 6.06477051e+02, 8.06192566e+02, 6.16970215e+02,
    8.85895203e+02, 5.42890442e+02, 8.61369202e+02, 5.54979614e+02,
    8.37425476e+02, 5.66861877e+02, 8.14331604e+02, 5.78246460e+02,
    7.92045837e+02, 5.89289062e+02, 8.70648010e+02, 5.13394836e+02,
    8.46324585e+02, 5.25839478e+02, 8.22752930e+02, 5.37979309e+02,
    7.99756165e+02, 5.49807373e+02, 7.77701904e+02, 5.61213013e+02,
    8.55724548e+02, 4.83581207e+02, 8.31500000e+02, 4.96596832e+02,
    8.08152527e+02, 5.09235840e+02, 7.85169739e+02, 5.21409851e+02,
    7.63182312e+02, 5.33223145e+02, 8.40748535e+02, 4.53662659e+02,
    8.16671875e+02, 4.67188019e+02, 7.93390564e+02, 4.80193268e+02,
    7.70903076e+02, 4.92851044e+02, 7.48915466e+02, 5.05058868e+02,
    8.25544556e+02, 4.23738190e+02, 8.01772644e+02, 4.37612854e+02,
    7.78609192e+02, 4.51151184e+02, 7.56179565e+02, 4.64152496e+02,
    7.34420654e+02, 4.76888947e+02 ]
