%YAML:1.0
---
points: [ 2.46880295e+02, 2.31851730e+02, 2.37971100e+02, 2.35716644e+02,
    2.29360123e+02, 2.39476364e+02, 2.21015930e+02, 2.43177032e+02,
    2.12954636e+02, 2.46682755e+02, 2.41698425e+02, 2.21646606e+02,
    2.32942764e+02, 2.25691315e+02, 2.24369919e+02, 2.29608795e+02,
    2.16067505e+02, 2.33459198e+02, 2.08057800e+02, 2.37124374e+02,
    2.36510880e+02, 2.11550537e+02, 2.27760880e+02, 2.15747864e+02,
    2.19309952e+02, 2.19809265e+02, 2.11068039e+02, 2.23714035e+02,
    2.03129700e+02, 2.27488358e+02, 2.31267548e+02, 2.01297684e+02,
    2.22614792e+02, 2.05682770e+02, 2.14223770e+02, 2.09902481e+02,
    2.06117905e+02, 2.13986328e+02, 1.98226837e+02, 2.17849884e+02,
    2.26162796e+02, 1.91211685e+02, 2.17565414e+02, 1.95640930e+02,
    2.09187302e+02, 2.00007156e+02, 2.01137589e+02, 2.04184265e+02,
    1.93291946e+02, 2.08280273e+02, 2.21008560e+02, 1.80892548e+02,
    2.12443832e+02, 1.85526886e+02, 2.04177780e+02, 1.90045578e+02,
    1.96155075e+02, 1.94355026e+02, 1.88340485e+02, 1.98566879e+02,
    2.15786179e+02, 1.70602539e+02, 2.07259811e+02, 1.75381668e+02,
    1.99067490e+02, 1.80022934e+02, 1.91073578e+02, 1.84499115e+02,
    1.83330933e+02, 1.88914032e+02 ]
