%YAML:1.0
---
points: [ 2.85415009e+02, 1.42274185e+02, 2.79116180e+02, 1.47899719e+02,
    2.73064026e+02, 1.53308899e+02, 2.67058746e+02, 1.58546707e+02,
    2.61093262e+02, 1.63721588e+02, 2.79615662e+02, 1.35707520e+02,
    2.73417969e+02, 1.41388977e+02, 2.67341003e+02, 1.46973480e+02,
    2.61412323e+02, 1.52323181e+02, 2.55733078e+02, 1.57606125e+02,
    2.73892792e+02, 1.29249435e+02, 2.67692780e+02, 1.34971008e+02,
    2.61677368e+02, 1.40505447e+02, 2.55837708e+02, 1.46015625e+02,
    2.50063965e+02, 1.51292603e+02, 2.68060883e+02, 1.22598419e+02,
    2.61954620e+02, 1.28411682e+02, 2.55992249e+02, 1.34123108e+02,
    2.50181717e+02, 1.39633942e+02, 2.44486008e+02, 1.45107895e+02,
    2.62177307e+02, 1.16009163e+02, 2.56173737e+02, 1.21894539e+02,
    2.50301193e+02, 1.27627014e+02, 2.44445755e+02, 1.33255524e+02,
    2.38788589e+02, 1.38743958e+02, 2.56392426e+02, 1.09246727e+02,
    2.50402405e+02, 1.15266548e+02, 2.44486313e+02, 1.21134262e+02,
    2.38827682e+02, 1.26837929e+02, 2.33229385e+02, 1.32403046e+02,
    2.50534653e+02, 1.02470055e+02, 2.44498795e+02, 1.08564148e+02,
    2.38700226e+02, 1.14489998e+02, 2.33082840e+02, 1.20262772e+02,
    2.27366791e+02, 1.25965485e+02 ]
