%YAML:1.0
---
points: [ 1.19992590e+03, 3.84536713e+02, 1.18113550e+03, 4.01309875e+02,
    1.16248389e+03, 4.17858490e+02, 1.14392627e+03, 4.34315155e+02,
    1.12539905e+03, 4.50694763e+02, 1.18350098e+03, 3.66161926e+02,
    1.16465466e+03, 3.82952881e+02, 1.14603357e+03, 3.99572693e+02,
    1.12758252e+03, 4.16018097e+02, 1.10926672e+03, 4.32461243e+02,
    1.16715137e+03, 3.47656677e+02, 1.14831213e+03, 3.64552979e+02,
    1.12971106e+03, 3.81281189e+02, 1.11140308e+03, 3.97738251e+02,
    1.09291833e+03, 4.14316589e+02, 1.15059131e+03, 3.29217163e+02,
    1.13182678e+03, 3.46194305e+02, 1.11343005e+03, 3.62858124e+02,
    1.09502039e+03, 3.79533386e+02, 1.07666870e+03, 3.96159882e+02,
    1.13416650e+03, 3.10708862e+02, 1.11545325e+03, 3.27748962e+02,
    1.09698328e+03, 3.44582031e+02, 1.07863867e+03, 3.61386688e+02,
    1.06048230e+03, 3.78153046e+02, 1.11760254e+03, 2.92359863e+02,
    1.09905530e+03, 3.09511871e+02, 1.08066309e+03, 3.26464600e+02,
    1.06244690e+03, 3.43198517e+02, 1.04420300e+03, 3.59872650e+02,
    1.10116174e+03, 2.73812988e+02, 1.08261536e+03, 2.91004211e+02,
    1.06427686e+03, 3.07932129e+02, 1.04592749e+03, 3.24752106e+02,
    1.02789233e+03, 3.41628204e+02 ]
