%YAML:1.0
---
points: [ 1.28324182e+03, 3.15067047e+02, 1.26323901e+03, 3.32563232e+02,
    1.24362305e+03, 3.49858948e+02, 1.22435059e+03, 3.66874725e+02,
    1.20514832e+03, 3.83711945e+02, 1.26633704e+03, 2.96278564e+02,
    1.24648499e+03, 3.13893158e+02, 1.22701721e+03, 3.31349152e+02,
    1.20780347e+03, 3.48410828e+02, 1.18862683e+03, 3.65377930e+02,
    1.24952014e+03, 2.77494843e+02, 1.22977173e+03, 2.95263184e+02,
    1.21040942e+03, 3.12700562e+02, 1.19131262e+03, 3.30051697e+02,
    1.17230225e+03, 3.47158966e+02, 1.23265771e+03, 2.58611023e+02,
    1.21313440e+03, 2.76547821e+02, 1.19367346e+03, 2.94235443e+02,
    1.17467029e+03, 3.11454895e+02, 1.15589233e+03, 3.28737885e+02,
    1.21586731e+03, 2.39875687e+02, 1.19643115e+03, 2.57980713e+02,
    1.17723328e+03, 2.75623138e+02, 1.15826221e+03, 2.93100769e+02,
    1.13947119e+03, 3.10440918e+02, 1.19896362e+03, 2.20997986e+02,
    1.17965186e+03, 2.39308456e+02, 1.16055017e+03, 2.57132660e+02,
    1.14163086e+03, 2.74619324e+02, 1.12317542e+03, 2.92220306e+02,
    1.18210144e+03, 2.02113785e+02, 1.16283765e+03, 2.20519791e+02,
    1.14379846e+03, 2.38362045e+02, 1.12518262e+03, 2.56212982e+02,
    1.10660571e+03, 2.73717865e+02 ]
