%YAML:1.0
---
points: [ 2.48393860e+02, 2.19211334e+02, 2.39273987e+02, 2.23395981e+02,
    2.30361084e+02, 2.27606430e+02, 2.21703217e+02, 2.31692688e+02,
    2.13340591e+02, 2.35578003e+02, 2.43060532e+02, 2.08965836e+02,
    2.33980621e+02, 2.13427048e+02, 2.25090302e+02, 2.17797913e+02,
    2.16469971e+02, 2.22001724e+02, 2.08158615e+02, 2.26015762e+02,
    2.37646912e+02, 1.98926407e+02, 2.28617020e+02, 2.03413376e+02,
    2.19812759e+02, 2.07893311e+02, 2.11244339e+02, 2.12199799e+02,
    2.02983490e+02, 2.16358673e+02, 2.32153976e+02, 1.88707565e+02,
    2.23216614e+02, 1.93385162e+02, 2.14460388e+02, 1.97981262e+02,
    2.06045349e+02, 2.02423325e+02, 1.97830276e+02, 2.06719803e+02,
    2.26751434e+02, 1.78448105e+02, 2.17796997e+02, 1.83301697e+02,
    2.09160812e+02, 1.88060196e+02, 2.00701782e+02, 1.92569366e+02,
    1.92472382e+02, 1.97029144e+02, 2.21315094e+02, 1.68067566e+02,
    2.12386688e+02, 1.73101242e+02, 2.03811722e+02, 1.77971176e+02,
    1.95394897e+02, 1.82629898e+02, 1.87267242e+02, 1.87277176e+02,
    2.15845840e+02, 1.57702240e+02, 2.06983093e+02, 1.62871475e+02,
    1.98406418e+02, 1.67822769e+02, 1.90064407e+02, 1.72672455e+02,
    1.81965073e+02, 1.77417114e+02 ]
