%YAML:1.0
---
points: [ 2.94849457e+02, 1.34713257e+02, 2.88376099e+02, 1.40307327e+02,
    2.82239349e+02, 1.45816742e+02, 2.76102020e+02, 1.51160294e+02,
    2.70180725e+02, 1.56211243e+02, 2.89008148e+02, 1.28012909e+02,
    2.82686401e+02, 1.33750641e+02, 2.76486298e+02, 1.39345825e+02,
    2.70501831e+02, 1.44772766e+02, 2.64762787e+02, 1.50039841e+02,
    2.83230743e+02, 1.21385887e+02, 2.76916473e+02, 1.27183937e+02,
    2.70817200e+02, 1.32805115e+02, 2.64844299e+02, 1.38292206e+02,
    2.59031311e+02, 1.43605972e+02, 2.77323090e+02, 1.14625778e+02,
    2.71179352e+02, 1.20539177e+02, 2.65105988e+02, 1.26247086e+02,
    2.59183594e+02, 1.31854141e+02, 2.53467560e+02, 1.37338898e+02,
    2.71457123e+02, 1.07879623e+02, 2.65309021e+02, 1.13858437e+02,
    2.59334686e+02, 1.19655891e+02, 2.53472092e+02, 1.25363686e+02,
    2.47834702e+02, 1.30903656e+02, 2.65625092e+02, 1.01048203e+02,
    2.59482758e+02, 1.07133667e+02, 2.53554810e+02, 1.13065079e+02,
    2.47811890e+02, 1.18810890e+02, 2.42176224e+02, 1.24514984e+02,
    2.59677460e+02, 9.41339645e+01, 2.53632675e+02, 1.00336105e+02,
    2.47752563e+02, 1.06329422e+02, 2.42038910e+02, 1.12156357e+02,
    2.36331589e+02, 1.17888390e+02 ]
