%YAML:1.0
---
points: [ 9.20640991e+02, 5.64427795e+02, 8.94709595e+02, 5.76767639e+02,
    8.69598083e+02, 5.89033875e+02, 8.45127991e+02, 6.00651917e+02,
    8.21474304e+02, 6.11913330e+02, 9.04861084e+02, 5.34847168e+02,
    8.79280762e+02, 5.47673401e+02, 8.54260010e+02, 5.60256714e+02,
    8.29872681e+02, 5.72496948e+02, 8.06395996e+02, 5.84107056e+02,
    8.88983765e+02, 5.05428162e+02, 8.63390991e+02, 5.18567688e+02,
    8.38603638e+02, 5.31448853e+02, 8.14454285e+02, 5.43993713e+02,
    7.91243103e+02, 5.56076843e+02, 8.72922546e+02, 4.75655396e+02,
    8.47667236e+02, 4.89337250e+02, 8.23003967e+02, 5.02540924e+02,
    7.99136536e+02, 5.15395874e+02, 7.75927368e+02, 5.27846558e+02,
    8.57089172e+02, 4.45799164e+02, 8.31922668e+02, 4.59810455e+02,
    8.07494873e+02, 4.73514099e+02, 7.83663696e+02, 4.86736786e+02,
    7.60521179e+02, 4.99772400e+02, 8.41365601e+02, 4.15626648e+02,
    8.16307556e+02, 4.30246552e+02, 7.92035889e+02, 4.44318756e+02,
    7.68324829e+02, 4.57831970e+02, 7.45297424e+02, 4.71354218e+02,
    8.25376038e+02, 3.85350006e+02, 8.00379883e+02, 4.00340515e+02,
    7.76320984e+02, 4.14768860e+02, 7.52594971e+02, 4.28909668e+02,
    7.29819519e+02, 4.42720734e+02 ]
