%YAML:1.0
---
points: [ 2.58786530e+02, 1.66715347e+02, 2.52828186e+02, 1.71907486e+02,
    2.47155655e+02, 1.76971771e+02, 2.41333954e+02, 1.81980240e+02,
    2.35930191e+02, 1.86639633e+02, 2.53063156e+02, 1.60355789e+02,
    2.47233841e+02, 1.65694565e+02, 2.41509094e+02, 1.70801422e+02,
    2.36025009e+02, 1.75894547e+02, 2.30594818e+02, 1.80790070e+02,
    2.47440369e+02, 1.54197235e+02, 2.41571747e+02, 1.59463928e+02,
    2.36018982e+02, 1.64692276e+02, 2.30301987e+02, 1.69794022e+02,
    2.24961746e+02, 1.74737549e+02, 2.41650009e+02, 1.47780945e+02,
    2.35998199e+02, 1.53231628e+02, 2.30323944e+02, 1.58444946e+02,
    2.24948624e+02, 1.63676315e+02, 2.19478836e+02, 1.68730881e+02,
    2.36047226e+02, 1.41460648e+02, 2.30294815e+02, 1.46927933e+02,
    2.24730286e+02, 1.52285889e+02, 2.19288681e+02, 1.57389969e+02,
    2.13870224e+02, 1.62576660e+02, 2.30263794e+02, 1.34975830e+02,
    2.24662659e+02, 1.40522186e+02, 2.19129715e+02, 1.46034485e+02,
    2.13683365e+02, 1.51306900e+02, 2.08394302e+02, 1.56557907e+02,
    2.24552612e+02, 1.28487473e+02, 2.18906891e+02, 1.34127518e+02,
    2.13344559e+02, 1.39630341e+02, 2.08057495e+02, 1.45028961e+02,
    2.02624100e+02, 1.50250488e+02 ]
