%YAML:1.0
---
points: [ 2.62646912e+02, 2.09704346e+02, 2.53293198e+02, 2.14096176e+02,
    2.44243561e+02, 2.18306778e+02, 2.35442627e+02, 2.22389008e+02,
    2.26895203e+02, 2.26389969e+02, 2.57248749e+02, 1.99446060e+02,
    2.48047272e+02, 2.04066971e+02, 2.39070755e+02, 2.08379333e+02,
    2.30227310e+02, 2.12738617e+02, 2.21763000e+02, 2.16833618e+02,
    2.51860306e+02, 1.89387314e+02, 2.42649597e+02, 1.94042435e+02,
    2.33746185e+02, 1.98549591e+02, 2.25048050e+02, 2.02963226e+02,
    2.16612640e+02, 2.07197083e+02, 2.46378479e+02, 1.79138657e+02,
    2.37288071e+02, 1.84000168e+02, 2.28438873e+02, 1.88590134e+02,
    2.19836731e+02, 1.93171707e+02, 2.11498291e+02, 1.97475128e+02,
    2.41128281e+02, 1.68926758e+02, 2.31979233e+02, 1.73855606e+02,
    2.23182373e+02, 1.78654663e+02, 2.14577332e+02, 1.83292969e+02,
    2.06255020e+02, 1.87843109e+02, 2.35697113e+02, 1.58453735e+02,
    2.26623169e+02, 1.63622787e+02, 2.17881027e+02, 1.68537918e+02,
    2.09302628e+02, 1.73362442e+02, 2.01063705e+02, 1.78039627e+02,
    2.30245285e+02, 1.48032028e+02, 2.21209412e+02, 1.53286880e+02,
    2.12456848e+02, 1.58353836e+02, 2.04013809e+02, 1.63317398e+02,
    1.95749878e+02, 1.68223114e+02 ]
