%YAML:1.0
---
points: [ 9.62333435e+02, 5.37506775e+02, 9.36012634e+02, 5.50403198e+02,
    9.10325745e+02, 5.62647583e+02, 8.85411987e+02, 5.74557068e+02,
    8.61401184e+02, 5.86216492e+02, 9.46657715e+02, 5.08046967e+02,
    9.20572266e+02, 5.21164185e+02, 8.95058533e+02, 5.33801453e+02,
    8.70294861e+02, 5.46413391e+02, 8.46422485e+02, 5.58248596e+02,
    9.30769775e+02, 4.78446136e+02, 9.04701477e+02, 4.91931213e+02,
    8.79547546e+02, 5.05108948e+02, 8.54929077e+02, 5.17816040e+02,
    8.31227295e+02, 5.30270447e+02, 9.14826233e+02, 4.48657532e+02,
    8.89158630e+02, 4.62554962e+02, 8.64008484e+02, 4.76161255e+02,
    8.39668091e+02, 4.89334045e+02, 8.16040527e+02, 5.01941925e+02,
    8.99156311e+02, 4.18639130e+02, 8.73521484e+02, 4.33045258e+02,
    8.48564392e+02, 4.47102081e+02, 8.24406433e+02, 4.60590637e+02,
    8.00731323e+02, 4.73847839e+02, 8.83416443e+02, 3.88552521e+02,
    8.57845886e+02, 4.03447296e+02, 8.33073486e+02, 4.17741577e+02,
    8.09052917e+02, 4.31698395e+02, 7.85491882e+02, 4.45445160e+02,
    8.67499207e+02, 3.58194122e+02, 8.42017761e+02, 3.73528534e+02,
    8.17437866e+02, 3.88297150e+02, 7.93407837e+02, 4.02715332e+02,
    7.70149597e+02, 4.16691803e+02 ]
