%YAML:1.0
---
points: [ 1.07102881e+03, 5.14855225e+02, 1.05302783e+03, 5.30959045e+02,
    1.03516272e+03, 5.46881836e+02, 1.01729156e+03, 5.62860962e+02,
    9.99309265e+02, 5.78762573e+02, 1.05486438e+03, 4.96804230e+02,
    1.03691809e+03, 5.12892700e+02, 1.01912927e+03, 5.28865112e+02,
    1.00121582e+03, 5.44830139e+02, 9.83312561e+02, 5.60779053e+02,
    1.03881372e+03, 4.78852692e+02, 1.02081976e+03, 4.94906403e+02,
    1.00298132e+03, 5.10896423e+02, 9.85173157e+02, 5.26817322e+02,
    9.67350159e+02, 5.42805298e+02, 1.02266321e+03, 4.60758759e+02,
    1.00469019e+03, 4.76944580e+02, 9.86913330e+02, 4.92950500e+02,
    9.69166199e+02, 5.08900909e+02, 9.51364075e+02, 5.25011047e+02,
    1.00658032e+03, 4.42848541e+02, 9.88680542e+02, 4.59049347e+02,
    9.70880310e+02, 4.75082733e+02, 9.53189392e+02, 4.91124786e+02,
    9.35356689e+02, 5.07090454e+02, 9.90576782e+02, 4.25006287e+02,
    9.72679260e+02, 4.41166534e+02, 9.54871460e+02, 4.57217316e+02,
    9.37152100e+02, 4.73247040e+02, 9.19435059e+02, 4.89319000e+02,
    9.74440063e+02, 4.06890686e+02, 9.56559509e+02, 4.23112671e+02,
    9.38778992e+02, 4.39195404e+02, 9.21108459e+02, 4.55246033e+02,
    9.03339844e+02, 4.71365417e+02 ]
