%YAML:1.0
---
points: [ 2.83419861e+02, 1.43444199e+02, 2.77312683e+02, 1.48755341e+02,
    2.71463806e+02, 1.53904526e+02, 2.65716217e+02, 1.58953934e+02,
    2.59975525e+02, 1.63755981e+02, 2.77697174e+02, 1.36967026e+02,
    2.71753845e+02, 1.42339462e+02, 2.65901917e+02, 1.47580444e+02,
    2.60197937e+02, 1.52771362e+02, 2.54866501e+02, 1.57657333e+02,
    2.72106659e+02, 1.30473358e+02, 2.66092346e+02, 1.36020218e+02,
    2.60280640e+02, 1.41302872e+02, 2.54689987e+02, 1.46449615e+02,
    2.49142883e+02, 1.51473770e+02, 2.66231537e+02, 1.23934853e+02,
    2.60373016e+02, 1.29466888e+02, 2.54699768e+02, 1.34915955e+02,
    2.49151901e+02, 1.40233612e+02, 2.43789917e+02, 1.45334473e+02,
    2.60544067e+02, 1.17338699e+02, 2.54722000e+02, 1.23036911e+02,
    2.49138458e+02, 1.28454025e+02, 2.43439713e+02, 1.33884811e+02,
    2.38135147e+02, 1.39021011e+02, 2.54805283e+02, 1.10588638e+02,
    2.49083115e+02, 1.16394073e+02, 2.43360840e+02, 1.22052734e+02,
    2.38038849e+02, 1.27451118e+02, 2.32675446e+02, 1.32929489e+02,
    2.49050125e+02, 1.03965157e+02, 2.43237335e+02, 1.09823921e+02,
    2.37741287e+02, 1.15453873e+02, 2.32230789e+02, 1.21040512e+02,
    2.27034164e+02, 1.26393784e+02 ]
