%YAML:1.0
---
points: [ 9.65187439e+02, 5.29519592e+02, 9.38204224e+02, 5.42907043e+02,
    9.12025940e+02, 5.56072693e+02, 8.86384766e+02, 5.68892090e+02,
    8.61549011e+02, 5.81327698e+02, 9.49388611e+02, 5.00311401e+02,
    9.22644836e+02, 5.14083557e+02, 8.96567017e+02, 5.27480591e+02,
    8.71066589e+02, 5.40692444e+02, 8.46364807e+02, 5.53397278e+02,
    9.33370117e+02, 4.70941589e+02, 9.06709778e+02, 4.85150146e+02,
    8.80821777e+02, 4.99038300e+02, 8.55536621e+02, 5.12404663e+02,
    8.30926697e+02, 5.25505859e+02, 9.17317871e+02, 4.41502625e+02,
    8.90917725e+02, 4.56078613e+02, 8.65177795e+02, 4.70199615e+02,
    8.39979370e+02, 4.83975067e+02, 8.15460144e+02, 4.97459381e+02,
    9.01447693e+02, 4.11787781e+02, 8.75134521e+02, 4.26823425e+02,
    8.49503662e+02, 4.41347137e+02, 8.24472717e+02, 4.55520264e+02,
    7.99967224e+02, 4.69412781e+02, 8.85527710e+02, 3.82077209e+02,
    8.59295410e+02, 3.97360382e+02, 8.33699707e+02, 4.12274872e+02,
    8.08840271e+02, 4.26822327e+02, 7.84488220e+02, 4.41111603e+02,
    8.69404175e+02, 3.51955658e+02, 8.43272400e+02, 3.67653564e+02,
    8.17802551e+02, 3.83031799e+02, 7.92974060e+02, 3.97912781e+02,
    7.68690125e+02, 4.12510376e+02 ]
