%YAML:1.0
---
points: [ 1.04409827e+03, 4.38458588e+02, 1.03507080e+03, 4.60930725e+02,
    1.02591968e+03, 4.83481110e+02, 1.01691669e+03, 5.05666138e+02,
    1.00784009e+03, 5.28035767e+02, 1.02147241e+03, 4.29395325e+02,
    1.01247064e+03, 4.51921021e+02, 1.00352875e+03, 4.74299377e+02,
    9.94497681e+02, 4.96591888e+02, 9.85555603e+02, 5.18971802e+02,
    9.99086304e+02, 4.20411896e+02, 9.90081360e+02, 4.42897064e+02,
    9.81195129e+02, 4.65321106e+02, 9.72279541e+02, 4.87585938e+02,
    9.63270081e+02, 5.09990570e+02, 9.76570007e+02, 4.11256226e+02,
    9.67630188e+02, 4.33829590e+02, 9.58657104e+02, 4.56206726e+02,
    9.49832825e+02, 4.78581604e+02, 9.41087158e+02, 5.00874908e+02,
    9.54231812e+02, 4.02378113e+02, 9.45427551e+02, 4.24896484e+02,
    9.36404480e+02, 4.47367645e+02, 9.27567261e+02, 4.69582123e+02,
    9.18753906e+02, 4.91892944e+02, 9.31760498e+02, 3.93347107e+02,
    9.22946960e+02, 4.15822418e+02, 9.14211670e+02, 4.38312012e+02,
    9.05369507e+02, 4.60604950e+02, 8.96656982e+02, 4.82886627e+02,
    9.09421814e+02, 3.84387085e+02, 9.00527893e+02, 4.06858643e+02,
    8.91718628e+02, 4.29301758e+02, 8.83079224e+02, 4.51612732e+02,
    8.74365051e+02, 4.73974030e+02 ]
