%YAML:1.0
---
points: [ 2.63532288e+02, 2.06837006e+02, 2.54141693e+02, 2.11384369e+02,
    2.44898193e+02, 2.15990143e+02, 2.35938034e+02, 2.20361481e+02,
    2.27182648e+02, 2.24657257e+02, 2.58184601e+02, 1.96735764e+02,
    2.48798676e+02, 2.01476227e+02, 2.39606140e+02, 2.06184174e+02,
    2.30676102e+02, 2.10693924e+02, 2.21940491e+02, 2.15128662e+02,
    2.52760071e+02, 1.86735718e+02, 2.43367233e+02, 1.91582489e+02,
    2.34252670e+02, 1.96322830e+02, 2.25318893e+02, 2.00965897e+02,
    2.16679306e+02, 2.05445068e+02, 2.47286911e+02, 1.76519287e+02,
    2.38029968e+02, 1.81622589e+02, 2.28920044e+02, 1.86442154e+02,
    2.20100632e+02, 1.91251556e+02, 2.11372498e+02, 1.95871384e+02,
    2.41889313e+02, 1.66414902e+02, 2.32587372e+02, 1.71505402e+02,
    2.23527466e+02, 1.76532669e+02, 2.14723770e+02, 1.81395142e+02,
    2.06145706e+02, 1.86230362e+02, 2.36382462e+02, 1.56097290e+02,
    2.27200150e+02, 1.61374741e+02, 2.18202805e+02, 1.66517914e+02,
    2.09370102e+02, 1.71548615e+02, 2.00803925e+02, 1.76407425e+02,
    2.30933838e+02, 1.45723114e+02, 2.21636658e+02, 1.51155090e+02,
    2.12702805e+02, 1.56406601e+02, 2.03965302e+02, 1.61549515e+02,
    1.95382355e+02, 1.66617584e+02 ]
