%YAML:1.0
---
points: [ 9.56219238e+02, 5.26594421e+02, 9.29372498e+02, 5.40524475e+02,
    9.02972046e+02, 5.54019226e+02, 8.77087097e+02, 5.67431152e+02,
    8.51809387e+02, 5.80290710e+02, 9.40553650e+02, 4.97842957e+02,
    9.13738220e+02, 5.11869141e+02, 8.87452271e+02, 5.25846497e+02,
    8.61628235e+02, 5.39504883e+02, 8.36390991e+02, 5.52609192e+02,
    9.24606018e+02, 4.68899445e+02, 8.97820862e+02, 4.83500427e+02,
    8.71708801e+02, 4.97619720e+02, 8.46097534e+02, 5.11499268e+02,
    8.21068542e+02, 5.25131897e+02, 9.08508972e+02, 4.39861084e+02,
    8.82031738e+02, 4.54641083e+02, 8.55894775e+02, 4.69244110e+02,
    8.30406738e+02, 4.83384979e+02, 8.05494873e+02, 4.97239838e+02,
    8.92655396e+02, 4.10674194e+02, 8.66139343e+02, 4.25906464e+02,
    8.40217041e+02, 4.40646332e+02, 8.14692078e+02, 4.55193085e+02,
    7.89769409e+02, 4.69356079e+02, 8.76755981e+02, 3.81349426e+02,
    8.50385498e+02, 3.96757812e+02, 8.24443176e+02, 4.11902344e+02,
    7.99130005e+02, 4.26710663e+02, 7.74242310e+02, 4.41309845e+02,
    8.60560059e+02, 3.51687134e+02, 8.34201721e+02, 3.67548676e+02,
    8.08406738e+02, 3.83041840e+02, 7.83133423e+02, 3.98067230e+02,
    7.58390869e+02, 4.12922821e+02 ]
