%YAML:1.0
---
points: [ 9.61898376e+02, 6.32386414e+02, 9.51600159e+02, 6.57505432e+02,
    9.41325500e+02, 6.82727112e+02, 9.30808960e+02, 7.07884827e+02,
    9.20484375e+02, 7.33536682e+02, 9.36957092e+02, 6.22134583e+02,
    9.26575439e+02, 6.47301331e+02, 9.16292480e+02, 6.72317261e+02,
    9.05728088e+02, 6.97511658e+02, 8.95269043e+02, 7.23069153e+02,
    9.12131775e+02, 6.11851868e+02, 9.01672913e+02, 6.36845093e+02,
    8.91230347e+02, 6.62025208e+02, 8.80695374e+02, 6.87198975e+02,
    8.70105530e+02, 7.12675476e+02, 8.87333191e+02, 6.01536255e+02,
    8.76720215e+02, 6.26526489e+02, 8.66284485e+02, 6.51530884e+02,
    8.55515076e+02, 6.76720520e+02, 8.44898926e+02, 7.02283142e+02,
    8.62412048e+02, 5.91441040e+02, 8.51789917e+02, 6.16371277e+02,
    8.41211182e+02, 6.41438110e+02, 8.30531067e+02, 6.66497131e+02,
    8.19672974e+02, 6.91916443e+02, 8.37434265e+02, 5.81182861e+02,
    8.26939575e+02, 6.06108215e+02, 8.16187988e+02, 6.31092468e+02,
    8.05432068e+02, 6.56264221e+02, 7.94534668e+02, 6.81568359e+02,
    8.12574951e+02, 5.70954285e+02, 8.01908142e+02, 5.95773926e+02,
    7.91115112e+02, 6.20725281e+02, 7.80315491e+02, 6.45766052e+02,
    7.69276978e+02, 6.71256165e+02 ]
