%YAML:1.0
---
points: [ 2.60142975e+02, 2.06068634e+02, 2.50728378e+02, 2.10764221e+02,
    2.41441284e+02, 2.15423218e+02, 2.32359528e+02, 2.20065323e+02,
    2.23586456e+02, 2.24442413e+02, 2.54766617e+02, 1.96081345e+02,
    2.45298615e+02, 2.00953247e+02, 2.36210297e+02, 2.05761444e+02,
    2.27163025e+02, 2.10424469e+02, 2.18294083e+02, 2.15019104e+02,
    2.49314117e+02, 1.86198410e+02, 2.39983002e+02, 1.91234329e+02,
    2.30826218e+02, 1.96075684e+02, 2.21796692e+02, 2.00862106e+02,
    2.13060806e+02, 2.05480225e+02, 2.43882034e+02, 1.76240250e+02,
    2.34556900e+02, 1.81327271e+02, 2.25398651e+02, 1.86298843e+02,
    2.16464523e+02, 1.91206009e+02, 2.07711136e+02, 1.95954071e+02,
    2.38397430e+02, 1.66183655e+02, 2.29162537e+02, 1.71389145e+02,
    2.20056534e+02, 1.76483398e+02, 2.11172455e+02, 1.81456390e+02,
    2.02378326e+02, 1.86375854e+02, 2.33007248e+02, 1.56076721e+02,
    2.23676773e+02, 1.61401794e+02, 2.14631302e+02, 1.66601959e+02,
    2.05767197e+02, 1.71711609e+02, 1.97004211e+02, 1.76704636e+02,
    2.27445923e+02, 1.45822617e+02, 2.18181732e+02, 1.51269119e+02,
    2.09187866e+02, 1.56650833e+02, 2.00252777e+02, 1.61837662e+02,
    1.91542862e+02, 1.67032990e+02 ]
