%YAML:1.0
---
points: [ 2.44099686e+02, 1.82168213e+02, 2.38289398e+02, 1.87024796e+02,
    2.32998016e+02, 1.91794815e+02, 2.27336700e+02, 1.96644547e+02,
    2.22163651e+02, 2.01004013e+02, 2.38324692e+02, 1.76056854e+02,
    2.33005707e+02, 1.81103699e+02, 2.27417557e+02, 1.85875259e+02,
    2.22228119e+02, 1.90755463e+02, 2.17349792e+02, 1.95314026e+02,
    2.33085556e+02, 1.70157288e+02, 2.27367294e+02, 1.75099197e+02,
    2.22183502e+02, 1.80004517e+02, 2.16788315e+02, 1.84801590e+02,
    2.11390442e+02, 1.89460632e+02, 2.27239029e+02, 1.63932861e+02,
    2.22033188e+02, 1.69092804e+02, 2.16591705e+02, 1.73979584e+02,
    2.11266541e+02, 1.78948975e+02, 2.06512177e+02, 1.83667068e+02,
    2.22016602e+02, 1.57947586e+02, 2.16362320e+02, 1.63032349e+02,
    2.11152161e+02, 1.68086899e+02, 2.05985794e+02, 1.72975525e+02,
    2.00818130e+02, 1.77716904e+02, 2.16233383e+02, 1.51544296e+02,
    2.10968155e+02, 1.56934402e+02, 2.05664505e+02, 1.62067673e+02,
    2.00468735e+02, 1.67032013e+02, 1.95516327e+02, 1.71956940e+02,
    2.10718140e+02, 1.45456436e+02, 2.05330322e+02, 1.50716827e+02,
    2.00129364e+02, 1.55989044e+02, 1.94990524e+02, 1.61019272e+02,
    1.89888626e+02, 1.65906372e+02 ]
