%YAML:1.0
---
points: [ 2.60454376e+02, 1.64642029e+02, 2.54765503e+02, 1.69668137e+02,
    2.49386246e+02, 1.74481247e+02, 2.43986359e+02, 1.79302628e+02,
    2.39134689e+02, 1.83445007e+02, 2.54666199e+02, 1.58417099e+02,
    2.49222000e+02, 1.63658340e+02, 2.43851807e+02, 1.68571808e+02,
    2.38635437e+02, 1.73383774e+02, 2.33798340e+02, 1.77923172e+02,
    2.49192688e+02, 1.52456848e+02, 2.43568253e+02, 1.57472702e+02,
    2.38340439e+02, 1.62609650e+02, 2.33071045e+02, 1.67534393e+02,
    2.28042892e+02, 1.72065750e+02, 2.43281860e+02, 1.46154419e+02,
    2.38060379e+02, 1.51491867e+02, 2.32687439e+02, 1.56567383e+02,
    2.27504028e+02, 1.61580582e+02, 2.22752151e+02, 1.66344635e+02,
    2.37837799e+02, 1.40158310e+02, 2.32346664e+02, 1.45305954e+02,
    2.27117142e+02, 1.50573654e+02, 2.22092606e+02, 1.55519150e+02,
    2.17106522e+02, 1.60313492e+02, 2.32030914e+02, 1.33645096e+02,
    2.26711639e+02, 1.39208618e+02, 2.21560989e+02, 1.44355042e+02,
    2.16535889e+02, 1.49533875e+02, 2.11743927e+02, 1.54577377e+02,
    2.26318512e+02, 1.27445877e+02, 2.21093597e+02, 1.32878494e+02,
    2.15887268e+02, 1.38309006e+02, 2.10907532e+02, 1.43392868e+02,
    2.05983566e+02, 1.48449326e+02 ]
