%YAML:1.0
---
points: [ 1.12743103e+03, 4.26908112e+02, 1.09952698e+03, 4.40705566e+02,
    1.07254358e+03, 4.54148438e+02, 1.04631409e+03, 4.67310059e+02,
    1.02073511e+03, 4.79709442e+02, 1.11228064e+03, 3.97578949e+02,
    1.08452026e+03, 4.11729492e+02, 1.05753076e+03, 4.25735382e+02,
    1.03145605e+03, 4.39150360e+02, 1.00620569e+03, 4.52222717e+02,
    1.09675684e+03, 3.68244293e+02, 1.06924097e+03, 3.82919678e+02,
    1.04252356e+03, 3.97200806e+02, 1.01658264e+03, 4.11010925e+02,
    9.91534851e+02, 4.24547943e+02, 1.08134729e+03, 3.38493652e+02,
    1.05393213e+03, 3.53661377e+02, 1.02738977e+03, 3.68442291e+02,
    1.00160718e+03, 3.82767761e+02, 9.76667542e+02, 3.96568359e+02,
    1.06595068e+03, 3.08695404e+02, 1.03864404e+03, 3.24515198e+02,
    1.01237274e+03, 3.39595642e+02, 9.86726379e+02, 3.54406128e+02,
    9.61927246e+02, 3.68625061e+02, 1.05051648e+03, 2.78696991e+02,
    1.02345361e+03, 2.94870026e+02, 9.97277100e+02, 3.10581451e+02,
    9.71765869e+02, 3.25759338e+02, 9.46976746e+02, 3.40581757e+02,
    1.03497046e+03, 2.48388428e+02, 1.00798993e+03, 2.65177704e+02,
    9.81958984e+02, 2.81308655e+02, 9.56544250e+02, 2.96884064e+02,
    9.31987549e+02, 3.12209747e+02 ]
