%YAML:1.0
---
points: [ 8.70965881e+02, 7.96275879e+02, 8.55648193e+02, 8.20697205e+02,
    8.40262390e+02, 8.45551086e+02, 8.24416687e+02, 8.70813110e+02,
    8.08137756e+02, 8.96788696e+02, 8.47786377e+02, 7.81453308e+02,
    8.32292358e+02, 8.05718933e+02, 8.16586792e+02, 8.30322327e+02,
    8.00625732e+02, 8.55517395e+02, 7.84100342e+02, 8.81354492e+02,
    8.24700989e+02, 7.66572632e+02, 8.08992493e+02, 7.90623840e+02,
    7.93066711e+02, 8.15173157e+02, 7.76837463e+02, 8.40102966e+02,
    7.60231567e+02, 8.65747925e+02, 8.01594604e+02, 7.51670654e+02,
    7.85633057e+02, 7.75647888e+02, 7.69494690e+02, 8.00072571e+02,
    7.53216003e+02, 8.24830505e+02, 7.36249817e+02, 8.50375000e+02,
    7.78551514e+02, 7.37045349e+02, 7.62476685e+02, 7.60840576e+02,
    7.46074036e+02, 7.85012756e+02, 7.29493835e+02, 8.09673645e+02,
    7.12465576e+02, 8.35016357e+02, 7.55489502e+02, 7.22303589e+02,
    7.39269104e+02, 7.45992249e+02, 7.22628662e+02, 7.69884705e+02,
    7.05854187e+02, 7.94503906e+02, 6.88566406e+02, 8.19560913e+02,
    7.32411011e+02, 7.07606689e+02, 7.15851868e+02, 7.31088562e+02,
    6.99237000e+02, 7.54854797e+02, 6.82179932e+02, 7.79311707e+02,
    6.64612122e+02, 8.04240479e+02 ]
