%YAML:1.0
---
points: [ 3.19265656e+02, 1.71527847e+02, 3.09295227e+02, 1.76327957e+02,
    2.99677185e+02, 1.81040161e+02, 2.90385040e+02, 1.85477676e+02,
    2.81345306e+02, 1.89876236e+02, 3.14050293e+02, 1.61395340e+02,
    3.04191711e+02, 1.66373947e+02, 2.94564636e+02, 1.71214951e+02,
    2.85339386e+02, 1.75951111e+02, 2.76397919e+02, 1.80367279e+02,
    3.08791412e+02, 1.51333420e+02, 2.98989716e+02, 1.56429001e+02,
    2.89435944e+02, 1.61408371e+02, 2.80265045e+02, 1.66209885e+02,
    2.71340302e+02, 1.70868103e+02, 3.03465149e+02, 1.41065842e+02,
    2.93725372e+02, 1.46374985e+02, 2.84319000e+02, 1.51480835e+02,
    2.75199921e+02, 1.56476852e+02, 2.66319336e+02, 1.61244980e+02,
    2.98249756e+02, 1.30810181e+02, 2.88511780e+02, 1.36274261e+02,
    2.79218781e+02, 1.41573013e+02, 2.70077881e+02, 1.46748123e+02,
    2.61298004e+02, 1.51696121e+02, 2.93028809e+02, 1.20382866e+02,
    2.83327057e+02, 1.26106903e+02, 2.74023132e+02, 1.31499619e+02,
    2.65020905e+02, 1.36874969e+02, 2.56221405e+02, 1.41988617e+02,
    2.87647827e+02, 1.09959663e+02, 2.78049988e+02, 1.15802940e+02,
    2.68789124e+02, 1.21394089e+02, 2.59758942e+02, 1.26841904e+02,
    2.51112015e+02, 1.32162109e+02 ]
