%YAML:1.0
---
points: [ 9.33942383e+02, 6.93064697e+02, 9.19445801e+02, 7.16362549e+02,
    9.04701721e+02, 7.39956055e+02, 8.89725830e+02, 7.63936096e+02,
    8.74449890e+02, 7.88611084e+02, 9.10930786e+02, 6.78404236e+02,
    8.96318481e+02, 7.01583923e+02, 8.81438538e+02, 7.24991089e+02,
    8.66265503e+02, 7.48834167e+02, 8.50700745e+02, 7.73342102e+02,
    8.88073914e+02, 6.63751892e+02, 8.73240051e+02, 6.86786804e+02,
    8.58108704e+02, 7.10285095e+02, 8.42756104e+02, 7.33940002e+02,
    8.27159546e+02, 7.58366028e+02, 8.65130981e+02, 6.49160156e+02,
    8.50142822e+02, 6.72138733e+02, 8.34739319e+02, 6.95350037e+02,
    8.19328308e+02, 7.18941650e+02, 8.03443848e+02, 7.43215515e+02,
    8.42301880e+02, 6.34717712e+02, 8.27079834e+02, 6.57465759e+02,
    8.11533569e+02, 6.80583801e+02, 7.95865723e+02, 7.04126892e+02,
    7.79753723e+02, 7.28229919e+02, 8.19384094e+02, 6.20238708e+02,
    8.03928589e+02, 6.42878601e+02, 7.88369141e+02, 6.65876648e+02,
    7.72461182e+02, 6.89316406e+02, 7.56290100e+02, 7.13249023e+02,
    7.96373840e+02, 6.05695129e+02, 7.80759155e+02, 6.28289551e+02,
    7.65033386e+02, 6.51174500e+02, 7.48944519e+02, 6.74385498e+02,
    7.32582275e+02, 6.98181580e+02 ]
