%YAML:1.0
---
points: [ 2.64497925e+02, 1.62112076e+02, 2.58711029e+02, 1.67011749e+02,
    2.53234329e+02, 1.71856155e+02, 2.47711212e+02, 1.76661880e+02,
    2.42295609e+02, 1.81059937e+02, 2.58734772e+02, 1.55794662e+02,
    2.53212234e+02, 1.60893127e+02, 2.47670212e+02, 1.65800720e+02,
    2.42296783e+02, 1.70675552e+02, 2.37515503e+02, 1.75212341e+02,
    2.53345520e+02, 1.49673218e+02, 2.47570007e+02, 1.54704803e+02,
    2.42182083e+02, 1.59739365e+02, 2.36896423e+02, 1.64683701e+02,
    2.31708130e+02, 1.69201950e+02, 2.47425247e+02, 1.43248550e+02,
    2.42114746e+02, 1.48537674e+02, 2.36661301e+02, 1.53611282e+02,
    2.31378326e+02, 1.58582474e+02, 2.26534363e+02, 1.63373047e+02,
    2.42061478e+02, 1.37048965e+02, 2.36374207e+02, 1.42271454e+02,
    2.31136719e+02, 1.47430023e+02, 2.26019730e+02, 1.52417419e+02,
    2.20942917e+02, 1.57163727e+02, 2.36272156e+02, 1.30412689e+02,
    2.30959534e+02, 1.35962387e+02, 2.25595657e+02, 1.41254669e+02,
    2.20507874e+02, 1.46243439e+02, 2.15582520e+02, 1.51310425e+02,
    2.30645782e+02, 1.24130684e+02, 2.25207550e+02, 1.29536789e+02,
    2.20057175e+02, 1.34926636e+02, 2.14939865e+02, 1.40084061e+02,
    2.09979782e+02, 1.45027313e+02 ]
