%YAML:1.0
---
points: [ 1.08519885e+03, 4.44580170e+02, 1.05794373e+03, 4.58465607e+02,
    1.03149792e+03, 4.72036194e+02, 1.00563617e+03, 4.85227570e+02,
    9.80525391e+02, 4.97988068e+02, 1.07019543e+03, 4.16224915e+02,
    1.04316565e+03, 4.30477692e+02, 1.01668903e+03, 4.44324982e+02,
    9.91025635e+02, 4.57791931e+02, 9.65998901e+02, 4.71065552e+02,
    1.05492346e+03, 3.87749603e+02, 1.02799512e+03, 4.02429382e+02,
    1.00180035e+03, 4.16540924e+02, 9.76248413e+02, 4.30499725e+02,
    9.51310730e+02, 4.43941254e+02, 1.03964502e+03, 3.59170380e+02,
    1.01301746e+03, 3.74095886e+02, 9.86787659e+02, 3.88664215e+02,
    9.61459473e+02, 4.02867096e+02, 9.36525452e+02, 4.16714600e+02,
    1.02443982e+03, 3.30443359e+02, 9.97795044e+02, 3.45688507e+02,
    9.71926819e+02, 3.60615234e+02, 9.46602173e+02, 3.75283173e+02,
    9.21815125e+02, 3.89482544e+02, 1.00934113e+03, 3.01411224e+02,
    9.82774231e+02, 3.17151306e+02, 9.56868347e+02, 3.32479309e+02,
    9.31655151e+02, 3.47412903e+02, 9.06966248e+02, 3.62030945e+02,
    9.93857178e+02, 2.72146454e+02, 9.67457153e+02, 2.88275635e+02,
    9.41685608e+02, 3.04041229e+02, 9.16556396e+02, 3.19352203e+02,
    8.92132385e+02, 3.34350159e+02 ]
