%YAML:1.0
---
points: [ 3.04030884e+02, 1.77689423e+02, 2.94437622e+02, 1.82438034e+02,
    2.85096985e+02, 1.87205338e+02, 2.75994446e+02, 1.91739929e+02,
    2.67153473e+02, 1.96164429e+02, 2.98878784e+02, 1.67937866e+02,
    2.89333344e+02, 1.72899399e+02, 2.80069061e+02, 1.77638855e+02,
    2.71046692e+02, 1.82376450e+02, 2.62184479e+02, 1.86889206e+02,
    2.93702179e+02, 1.58184341e+02, 2.84213959e+02, 1.63222931e+02,
    2.74978088e+02, 1.68179092e+02, 2.66009125e+02, 1.72917603e+02,
    2.57186707e+02, 1.77606155e+02, 2.88487122e+02, 1.48251328e+02,
    2.79076263e+02, 1.53459045e+02, 2.69864532e+02, 1.58533539e+02,
    2.60890564e+02, 1.63453461e+02, 2.52181656e+02, 1.68235321e+02,
    2.83309753e+02, 1.38321762e+02, 2.73931976e+02, 1.43681549e+02,
    2.64736755e+02, 1.48873474e+02, 2.55858307e+02, 1.53960098e+02,
    2.47156799e+02, 1.58878143e+02, 2.78169342e+02, 1.28297394e+02,
    2.68745605e+02, 1.33838562e+02, 2.59637939e+02, 1.39156326e+02,
    2.50747269e+02, 1.44329987e+02, 2.42112091e+02, 1.49382904e+02,
    2.72912079e+02, 1.18216599e+02, 2.63543304e+02, 1.23827034e+02,
    2.54416595e+02, 1.29294769e+02, 2.45549240e+02, 1.34639587e+02,
    2.36949387e+02, 1.39848877e+02 ]
