%YAML:1.0
---
points: [ 3.28800903e+02, 1.63778015e+02, 3.18959991e+02, 1.68643311e+02,
    3.09388885e+02, 1.73414886e+02, 3.00133789e+02, 1.78083298e+02,
    2.91030579e+02, 1.82498962e+02, 3.23747894e+02, 1.53928009e+02,
    3.13956604e+02, 1.58969162e+02, 3.04392212e+02, 1.63916641e+02,
    2.95215729e+02, 1.68683548e+02, 2.86227081e+02, 1.73259949e+02,
    3.18635376e+02, 1.44109711e+02, 3.08900360e+02, 1.49272507e+02,
    2.99388153e+02, 1.54295944e+02, 2.90226532e+02, 1.59209122e+02,
    2.81303406e+02, 1.63972427e+02, 3.13453522e+02, 1.34142899e+02,
    3.03863770e+02, 1.39473572e+02, 2.94386810e+02, 1.44672714e+02,
    2.85289795e+02, 1.49758545e+02, 2.76368347e+02, 1.54609268e+02,
    3.08388672e+02, 1.24201736e+02, 2.98741669e+02, 1.29682327e+02,
    2.89350464e+02, 1.35042572e+02, 2.80278503e+02, 1.40172958e+02,
    2.71401642e+02, 1.45231873e+02, 3.03286469e+02, 1.14109215e+02,
    2.93651031e+02, 1.19794289e+02, 2.84314087e+02, 1.25230843e+02,
    2.75292847e+02, 1.30571320e+02, 2.66402771e+02, 1.35701675e+02,
    2.98134064e+02, 1.03937836e+02, 2.88464264e+02, 1.09752792e+02,
    2.79255554e+02, 1.15341743e+02, 2.70207336e+02, 1.20848770e+02,
    2.61409027e+02, 1.26193436e+02 ]
