%YAML:1.0
---
points: [ 2.80699249e+02, 1.50292496e+02, 2.74790344e+02, 1.55386505e+02,
    2.69280212e+02, 1.60264099e+02, 2.63692993e+02, 1.65181366e+02,
    2.58344757e+02, 1.69545670e+02, 2.74862579e+02, 1.43794479e+02,
    2.69211060e+02, 1.49044403e+02, 2.63643402e+02, 1.54078690e+02,
    2.58075226e+02, 1.59101212e+02, 2.53268784e+02, 1.63607895e+02,
    2.69232056e+02, 1.37500290e+02, 2.63429108e+02, 1.42706558e+02,
    2.58065887e+02, 1.47840210e+02, 2.52608002e+02, 1.52820145e+02,
    2.47349976e+02, 1.57467712e+02, 2.63231537e+02, 1.30895340e+02,
    2.57725037e+02, 1.36349686e+02, 2.52291336e+02, 1.41537735e+02,
    2.47035248e+02, 1.46671295e+02, 2.42206665e+02, 1.51510086e+02,
    2.57536133e+02, 1.24426620e+02, 2.52056534e+02, 1.29959427e+02,
    2.46600449e+02, 1.35234085e+02, 2.41357529e+02, 1.40390579e+02,
    2.36378082e+02, 1.45240509e+02, 2.51719193e+02, 1.17749573e+02,
    2.46271606e+02, 1.23425720e+02, 2.40987106e+02, 1.28838394e+02,
    2.35916870e+02, 1.34122482e+02, 2.30903152e+02, 1.39289383e+02,
    2.45917511e+02, 1.11225853e+02, 2.40399429e+02, 1.16862747e+02,
    2.35257309e+02, 1.22395088e+02, 2.30123398e+02, 1.27681061e+02,
    2.25234207e+02, 1.32793457e+02 ]
