%YAML:1.0
---
points: [ 8.55449219e+02, 4.87887451e+02, 8.81911072e+02, 4.96172760e+02,
    9.08288879e+02, 5.03992920e+02, 9.34008545e+02, 5.11946716e+02,
    9.59727417e+02, 5.19610229e+02, 8.47421570e+02, 5.14688293e+02,
    8.74160400e+02, 5.22703552e+02, 9.00421936e+02, 5.30505188e+02,
    9.26265381e+02, 5.38303894e+02, 9.52043457e+02, 5.45871399e+02,
    8.39304199e+02, 5.41359375e+02, 8.66035339e+02, 5.49284180e+02,
    8.92497864e+02, 5.56748352e+02, 9.18401733e+02, 5.64516235e+02,
    9.44344482e+02, 5.72014648e+02, 8.31296204e+02, 5.68160400e+02,
    8.58186340e+02, 5.75730347e+02, 8.84604431e+02, 5.83351074e+02,
    9.10578674e+02, 5.90777283e+02, 9.36528931e+02, 5.98210144e+02,
    8.23280701e+02, 5.94765503e+02, 8.50187744e+02, 6.02294678e+02,
    8.76566895e+02, 6.09660706e+02, 9.02567566e+02, 6.17070496e+02,
    9.28597595e+02, 6.24212097e+02, 8.15134033e+02, 6.21534973e+02,
    8.42205383e+02, 6.29037598e+02, 8.68630310e+02, 6.36155273e+02,
    8.94659180e+02, 6.43394348e+02, 9.20750366e+02, 6.50445862e+02,
    8.06886108e+02, 6.48378052e+02, 8.33962769e+02, 6.55570740e+02,
    8.60553467e+02, 6.62582458e+02, 8.86720276e+02, 6.69664185e+02,
    9.12890686e+02, 6.76536011e+02 ]
