%YAML:1.0
---
points: [ 1.15681848e+03, 4.04656311e+02, 1.12923120e+03, 4.18675598e+02,
    1.10222766e+03, 4.32382202e+02, 1.07592798e+03, 4.45704254e+02,
    1.05045801e+03, 4.58542236e+02, 1.14200537e+03, 3.76167145e+02,
    1.11453613e+03, 3.90503113e+02, 1.08761877e+03, 4.04650360e+02,
    1.06159021e+03, 4.18396454e+02, 1.03612366e+03, 4.31653625e+02,
    1.12712085e+03, 3.47522491e+02, 1.09955054e+03, 3.62498047e+02,
    1.07291479e+03, 3.76864288e+02, 1.04694226e+03, 3.90942657e+02,
    1.02171539e+03, 4.04674286e+02, 1.11201843e+03, 3.18761047e+02,
    1.08473938e+03, 3.34112610e+02, 1.05817566e+03, 3.48918579e+02,
    1.03243079e+03, 3.63416443e+02, 1.00730792e+03, 3.77536591e+02,
    1.09707690e+03, 2.89720703e+02, 1.06979968e+03, 3.05631500e+02,
    1.04349573e+03, 3.20868622e+02, 1.01776050e+03, 3.35761658e+02,
    9.92792297e+02, 3.50292206e+02, 1.08209387e+03, 2.60693298e+02,
    1.05503699e+03, 2.76880890e+02, 1.02869067e+03, 2.92608368e+02,
    1.00328259e+03, 3.07936157e+02, 9.78245789e+02, 3.22788361e+02,
    1.06693835e+03, 2.31277145e+02, 1.03995300e+03, 2.47941223e+02,
    1.01384119e+03, 2.64092285e+02, 9.88374390e+02, 2.79748810e+02,
    9.63540527e+02, 2.95170654e+02 ]
