%YAML:1.0
---
points: [ 2.95579895e+02, 1.36447693e+02, 2.89477844e+02, 1.41680161e+02,
    2.83843018e+02, 1.46608551e+02, 2.78068512e+02, 1.51496262e+02,
    2.72580902e+02, 1.55985428e+02, 2.89719696e+02, 1.29718033e+02,
    2.83877350e+02, 1.35093704e+02, 2.78120087e+02, 1.40187424e+02,
    2.72556580e+02, 1.45152267e+02, 2.67392883e+02, 1.49856674e+02,
    2.83969757e+02, 1.23215675e+02, 2.78114044e+02, 1.28494110e+02,
    2.72416168e+02, 1.33734314e+02, 2.67000153e+02, 1.38849075e+02,
    2.61548767e+02, 1.43526825e+02, 2.78048126e+02, 1.16335930e+02,
    2.72276855e+02, 1.22001991e+02, 2.66794281e+02, 1.27237671e+02,
    2.61240723e+02, 1.32404694e+02, 2.56295441e+02, 1.37392075e+02,
    2.72319427e+02, 1.09700508e+02, 2.66505493e+02, 1.15257027e+02,
    2.61102509e+02, 1.20695007e+02, 2.55758591e+02, 1.26004875e+02,
    2.50553009e+02, 1.30893463e+02, 2.66319458e+02, 1.02764389e+02,
    2.60760834e+02, 1.08520073e+02, 2.55262665e+02, 1.14088387e+02,
    2.50131104e+02, 1.19441360e+02, 2.45083344e+02, 1.24832138e+02,
    2.60430481e+02, 9.59230347e+01, 2.54951202e+02, 1.01775375e+02,
    2.49545227e+02, 1.07391724e+02, 2.44359344e+02, 1.12888466e+02,
    2.39363358e+02, 1.18080833e+02 ]
