%YAML:1.0
---
points: [ 9.07637695e+02, 5.03507202e+02, 9.34185730e+02, 5.11512329e+02,
    9.60276001e+02, 5.19331299e+02, 9.85818115e+02, 5.27044800e+02,
    1.01138800e+03, 5.34578186e+02, 8.99656677e+02, 5.30552612e+02,
    9.26296814e+02, 5.38472900e+02, 9.52405090e+02, 5.46158691e+02,
    9.78163635e+02, 5.53628906e+02, 1.00357709e+03, 5.61125000e+02,
    8.91683228e+02, 5.57410339e+02, 9.18388733e+02, 5.65155640e+02,
    9.44623657e+02, 5.72618469e+02, 9.70440369e+02, 5.80157349e+02,
    9.96154480e+02, 5.87407104e+02, 8.83692688e+02, 5.84437195e+02,
    9.10514771e+02, 5.91941406e+02, 9.36801392e+02, 5.99353699e+02,
    9.62580688e+02, 6.06577698e+02, 9.88428650e+02, 6.13686584e+02,
    8.75657532e+02, 6.11504333e+02, 9.02534363e+02, 6.18773682e+02,
    9.28794617e+02, 6.25863403e+02, 9.54674133e+02, 6.33184937e+02,
    9.80564453e+02, 6.40073364e+02, 8.67686218e+02, 6.38512146e+02,
    8.94711914e+02, 6.45613708e+02, 9.20953735e+02, 6.52618591e+02,
    9.46889465e+02, 6.59640991e+02, 9.72721680e+02, 6.66436523e+02,
    8.59576843e+02, 6.65557251e+02, 8.86604370e+02, 6.72517456e+02,
    9.12963684e+02, 6.79444824e+02, 9.39001221e+02, 6.86240173e+02,
    9.65008972e+02, 6.92779480e+02 ]
