%YAML:1.0
---
points: [ 3.35300659e+02, 1.59129822e+02, 3.25394104e+02, 1.64108398e+02,
    3.15827057e+02, 1.68904129e+02, 3.06526855e+02, 1.73585907e+02,
    2.97432343e+02, 1.78139496e+02, 3.30303467e+02, 1.49305923e+02,
    3.20444550e+02, 1.54424805e+02, 3.10904327e+02, 1.59389709e+02,
    3.01616791e+02, 1.64266678e+02, 2.92561707e+02, 1.68960373e+02,
    3.25246399e+02, 1.39597519e+02, 3.15376709e+02, 1.44845383e+02,
    3.05917877e+02, 1.49970428e+02, 2.96709717e+02, 1.54877502e+02,
    2.87738800e+02, 1.59708755e+02, 3.20112915e+02, 1.29712433e+02,
    3.10338715e+02, 1.35151108e+02, 3.00962250e+02, 1.40328293e+02,
    2.91766357e+02, 1.45483002e+02, 2.82862030e+02, 1.50385147e+02,
    3.15050629e+02, 1.19854401e+02, 3.05296478e+02, 1.25370140e+02,
    2.95992767e+02, 1.30771286e+02, 2.86804352e+02, 1.36014374e+02,
    2.77911255e+02, 1.41125793e+02, 3.09894745e+02, 1.09838181e+02,
    3.00305023e+02, 1.15537735e+02, 2.90958221e+02, 1.21093102e+02,
    2.81887512e+02, 1.26395195e+02, 2.73040344e+02, 1.31662109e+02,
    3.04782135e+02, 9.97534790e+01, 2.95202545e+02, 1.05581184e+02,
    2.85882904e+02, 1.11281906e+02, 2.76791321e+02, 1.16770897e+02,
    2.68031250e+02, 1.22203079e+02 ]
