%YAML:1.0
---
points: [ 1.17607788e+03, 3.91240875e+02, 1.14824487e+03, 4.05483246e+02,
    1.12131860e+03, 4.19393768e+02, 1.09486560e+03, 4.32773407e+02,
    1.06941064e+03, 4.45856140e+02, 1.16138635e+03, 3.62900970e+02,
    1.13366931e+03, 3.77637756e+02, 1.10673853e+03, 3.91798004e+02,
    1.08058032e+03, 4.05610382e+02, 1.05510693e+03, 4.19187622e+02,
    1.14647461e+03, 3.34572235e+02, 1.11888342e+03, 3.49677521e+02,
    1.09233167e+03, 3.64252319e+02, 1.06625134e+03, 3.78540375e+02,
    1.04082117e+03, 3.92381744e+02, 1.13148120e+03, 3.06121460e+02,
    1.10421484e+03, 3.21528687e+02, 1.07755432e+03, 3.36513702e+02,
    1.05164758e+03, 3.51227722e+02, 1.02643054e+03, 3.65334015e+02,
    1.11658691e+03, 2.77426788e+02, 1.08940784e+03, 2.93263611e+02,
    1.06288208e+03, 3.08639069e+02, 1.03714258e+03, 3.23675476e+02,
    1.01206946e+03, 3.38314331e+02, 1.10171252e+03, 2.48447739e+02,
    1.07456165e+03, 2.64741058e+02, 1.04827930e+03, 2.80642029e+02,
    1.02261664e+03, 2.95990814e+02, 9.97568848e+02, 3.11091064e+02,
    1.08671289e+03, 2.19260635e+02, 1.05959363e+03, 2.36073502e+02,
    1.03343054e+03, 2.52300430e+02, 1.00786340e+03, 2.68040985e+02,
    9.83035522e+02, 2.83514069e+02 ]
