%YAML:1.0
---
points: [ 3.98105042e+02, 1.25113503e+02, 3.87186035e+02, 1.30362946e+02,
    3.76591888e+02, 1.35561615e+02, 3.66314911e+02, 1.40535446e+02,
    3.56361511e+02, 1.45382462e+02, 3.93093018e+02, 1.14838951e+02,
    3.82237122e+02, 1.20329857e+02, 3.71682190e+02, 1.25659874e+02,
    3.61457672e+02, 1.30835434e+02, 3.51605011e+02, 1.35853256e+02,
    3.88001282e+02, 1.04489044e+02, 3.77199738e+02, 1.10230759e+02,
    3.66736176e+02, 1.15722893e+02, 3.56619751e+02, 1.21078690e+02,
    3.46801575e+02, 1.26295586e+02, 3.82932770e+02, 9.42468719e+01,
    3.72178894e+02, 1.00093246e+02, 3.61795929e+02, 1.05750000e+02,
    3.51781586e+02, 1.11297150e+02, 3.42017090e+02, 1.16631439e+02,
    3.77818909e+02, 8.38374939e+01, 3.67202850e+02, 8.98871231e+01,
    3.56863434e+02, 9.57216492e+01, 3.46901886e+02, 1.01372101e+02,
    3.37163879e+02, 1.07002701e+02, 3.72720184e+02, 7.33964233e+01,
    3.62135254e+02, 7.95739670e+01, 3.51908630e+02, 8.56235962e+01,
    3.42018646e+02, 9.14945526e+01, 3.32333893e+02, 9.71919479e+01,
    3.67511688e+02, 6.28473320e+01, 3.57058624e+02, 6.92787857e+01,
    3.46891632e+02, 7.54226151e+01, 3.37069550e+02, 8.14702072e+01,
    3.27378815e+02, 8.73564224e+01 ]
