%YAML:1.0
---
points: [ 3.26121338e+02, 1.07456802e+02, 3.19709290e+02, 1.12838150e+02,
    3.13636292e+02, 1.18014732e+02, 3.07673340e+02, 1.22912971e+02,
    3.01972473e+02, 1.27743256e+02, 3.20234711e+02, 1.00463989e+02,
    3.14033997e+02, 1.06020966e+02, 3.07951385e+02, 1.11313789e+02,
    3.02184174e+02, 1.16490997e+02, 2.96729126e+02, 1.21329750e+02,
    3.14331787e+02, 9.35697250e+01, 3.08164001e+02, 9.92193298e+01,
    3.02303101e+02, 1.04602386e+02, 2.96525177e+02, 1.09848412e+02,
    2.91050720e+02, 1.14764931e+02, 3.08383575e+02, 8.65471420e+01,
    3.02413910e+02, 9.23010254e+01, 2.96566895e+02, 9.78301239e+01,
    2.90981689e+02, 1.03250237e+02, 2.85665710e+02, 1.08355339e+02,
    3.02543701e+02, 7.94899979e+01, 2.96552612e+02, 8.53432159e+01,
    2.90894531e+02, 9.11026917e+01, 2.85280609e+02, 9.64642868e+01,
    2.79942474e+02, 1.01788849e+02, 2.96625519e+02, 7.23163910e+01,
    2.90774658e+02, 7.83597870e+01, 2.85138763e+02, 8.41671829e+01,
    2.79670685e+02, 8.97846909e+01, 2.74473999e+02, 9.53448334e+01,
    2.90681519e+02, 6.51777496e+01, 2.84897736e+02, 7.12838287e+01,
    2.79305664e+02, 7.72797928e+01, 2.73924683e+02, 8.30466309e+01,
    2.68852356e+02, 8.83773651e+01 ]
