%YAML:1.0
---
points: [ 1.23567749e+03, 5.94658997e+02, 1.26275220e+03, 6.02812256e+02,
    1.28968103e+03, 6.10853699e+02, 1.31668591e+03, 6.19032959e+02,
    1.34362976e+03, 6.27176880e+02, 1.22772571e+03, 6.21544250e+02,
    1.25485217e+03, 6.29598755e+02, 1.28176160e+03, 6.37712097e+02,
    1.30879944e+03, 6.45887268e+02, 1.33584497e+03, 6.53958679e+02,
    1.21989539e+03, 6.48440735e+02, 1.24715247e+03, 6.56582275e+02,
    1.27401794e+03, 6.64702332e+02, 1.30116321e+03, 6.72792725e+02,
    1.32798157e+03, 6.80956116e+02, 1.21202905e+03, 6.75126953e+02,
    1.23919763e+03, 6.83272034e+02, 1.26606165e+03, 6.91498108e+02,
    1.29325269e+03, 6.99613770e+02, 1.32046997e+03, 7.08057739e+02,
    1.20410144e+03, 7.01987183e+02, 1.23134070e+03, 7.10362671e+02,
    1.25830334e+03, 7.18460205e+02, 1.28529785e+03, 7.26629089e+02,
    1.31246509e+03, 7.34775940e+02, 1.19616980e+03, 7.28769165e+02,
    1.22337488e+03, 7.37323242e+02, 1.25028833e+03, 7.45317261e+02,
    1.27725684e+03, 7.53554932e+02, 1.30446497e+03, 7.61839050e+02,
    1.18831677e+03, 7.55798035e+02, 1.21542859e+03, 7.64332642e+02,
    1.24237488e+03, 7.72407654e+02, 1.26943237e+03, 7.80764404e+02,
    1.29659314e+03, 7.88899414e+02 ]
