%YAML:1.0
---
points: [ 1.35583643e+03, 2.93245972e+02, 1.32488977e+03, 3.08743011e+02,
    1.29501038e+03, 3.23644348e+02, 1.26631335e+03, 3.38103943e+02,
    1.23846460e+03, 3.52050110e+02, 1.34119385e+03, 2.63460785e+02,
    1.31046765e+03, 2.79500977e+02, 1.28079346e+03, 2.95028534e+02,
    1.25216492e+03, 3.09886322e+02, 1.22453210e+03, 3.24399200e+02,
    1.32653992e+03, 2.33603989e+02, 1.29587439e+03, 2.50284317e+02,
    1.26650623e+03, 2.66273560e+02, 1.23792969e+03, 2.81694061e+02,
    1.21053882e+03, 2.96515411e+02, 1.31163501e+03, 2.03549149e+02,
    1.28140100e+03, 2.20676071e+02, 1.25197461e+03, 2.37310791e+02,
    1.22383691e+03, 2.53239105e+02, 1.19646594e+03, 2.68604858e+02,
    1.29705005e+03, 1.73267792e+02, 1.26671533e+03, 1.91054260e+02,
    1.23761475e+03, 2.08160629e+02, 1.20952979e+03, 2.24658386e+02,
    1.18245190e+03, 2.40631973e+02, 1.28233228e+03, 1.42753311e+02,
    1.25218970e+03, 1.61177338e+02, 1.22325269e+03, 1.78740784e+02,
    1.19529688e+03, 1.95753754e+02, 1.16822351e+03, 2.12436859e+02,
    1.26734253e+03, 1.11979988e+02, 1.23728638e+03, 1.30885406e+02,
    1.20865332e+03, 1.49113846e+02, 1.18077673e+03, 1.66754929e+02,
    1.15396399e+03, 1.83800781e+02 ]
