%YAML:1.0
---
points: [ 3.59393951e+02, 1.43654404e+02, 3.49494141e+02, 1.48624786e+02,
    3.39872803e+02, 1.53442154e+02, 3.30441986e+02, 1.58226639e+02,
    3.21317383e+02, 1.62838684e+02, 3.54511902e+02, 1.34116898e+02,
    3.44703552e+02, 1.39234833e+02, 3.35123596e+02, 1.44245148e+02,
    3.25760925e+02, 1.49127106e+02, 3.16657013e+02, 1.53779419e+02,
    3.49765167e+02, 1.24583229e+02, 3.39891296e+02, 1.29813141e+02,
    3.30325348e+02, 1.34915894e+02, 3.21026093e+02, 1.39940186e+02,
    3.12012299e+02, 1.44764633e+02, 3.44908813e+02, 1.14825638e+02,
    3.35156128e+02, 1.20285622e+02, 3.25583191e+02, 1.25518196e+02,
    3.16354065e+02, 1.30652634e+02, 3.07312531e+02, 1.35648346e+02,
    3.40058929e+02, 1.05238052e+02, 3.30254578e+02, 1.10747955e+02,
    3.20778900e+02, 1.16150055e+02, 3.11572174e+02, 1.21367973e+02,
    3.02660889e+02, 1.26513306e+02, 3.35169495e+02, 9.53723145e+01,
    3.25411804e+02, 1.01129303e+02, 3.16064819e+02, 1.06636406e+02,
    3.06871246e+02, 1.12049294e+02, 2.97922333e+02, 1.17326668e+02,
    3.30257294e+02, 8.56003418e+01, 3.20591583e+02, 9.13803101e+01,
    3.11204132e+02, 9.71039734e+01, 3.02069427e+02, 1.02590370e+02,
    2.93147766e+02, 1.08032722e+02 ]
