%YAML:1.0
---
points: [ 2.85199036e+02, 1.45139160e+02, 2.79086609e+02, 1.50227966e+02,
    2.73249908e+02, 1.55314240e+02, 2.67403412e+02, 1.60184647e+02,
    2.61812714e+02, 1.64734329e+02, 2.79218201e+02, 1.38258575e+02,
    2.73237335e+02, 1.43654602e+02, 2.67426605e+02, 1.48737427e+02,
    2.61786774e+02, 1.53777817e+02, 2.56538879e+02, 1.58481537e+02,
    2.73354462e+02, 1.31541031e+02, 2.67363800e+02, 1.36999863e+02,
    2.61637848e+02, 1.42220657e+02, 2.56096619e+02, 1.47262802e+02,
    2.50749832e+02, 1.52031494e+02, 2.67276794e+02, 1.24671730e+02,
    2.61423828e+02, 1.30234436e+02, 2.55857208e+02, 1.35524521e+02,
    2.50352097e+02, 1.40729111e+02, 2.45285065e+02, 1.45688400e+02,
    2.61319733e+02, 1.17793785e+02, 2.55571899e+02, 1.23416283e+02,
    2.50091309e+02, 1.28902390e+02, 2.44610580e+02, 1.34196045e+02,
    2.39365585e+02, 1.39123230e+02, 2.55335571e+02, 1.10767494e+02,
    2.49710144e+02, 1.16504753e+02, 2.44205017e+02, 1.22133171e+02,
    2.38978424e+02, 1.27482697e+02, 2.33761444e+02, 1.32874390e+02,
    2.49360611e+02, 1.03765762e+02, 2.43739716e+02, 1.09657349e+02,
    2.38293182e+02, 1.15318672e+02, 2.33089539e+02, 1.20789993e+02,
    2.27970520e+02, 1.26081238e+02 ]
