%YAML:1.0
---
points: [ 1.11439185e+03, 5.59282104e+02, 1.13955676e+03, 5.66678162e+02,
    1.16439783e+03, 5.74319153e+02, 1.18909973e+03, 5.81717896e+02,
    1.21345300e+03, 5.89112305e+02, 1.10661377e+03, 5.85327698e+02,
    1.13205359e+03, 5.92751099e+02, 1.15671667e+03, 6.00214417e+02,
    1.18143323e+03, 6.07535645e+02, 1.20615039e+03, 6.15028259e+02,
    1.09891833e+03, 6.11393738e+02, 1.12433752e+03, 6.18796692e+02,
    1.14926709e+03, 6.26203552e+02, 1.17398889e+03, 6.33503357e+02,
    1.19859021e+03, 6.40569092e+02, 1.09127698e+03, 6.37432922e+02,
    1.11668799e+03, 6.44760315e+02, 1.14159302e+03, 6.52107727e+02,
    1.16628784e+03, 6.59279724e+02, 1.19113257e+03, 6.66405640e+02,
    1.08347510e+03, 6.63548889e+02, 1.10903162e+03, 6.70791870e+02,
    1.13394800e+03, 6.77820312e+02, 1.15873730e+03, 6.85116333e+02,
    1.18339734e+03, 6.92125000e+02, 1.07566663e+03, 6.89716858e+02,
    1.10131714e+03, 6.96820312e+02, 1.12630127e+03, 7.03872253e+02,
    1.15097876e+03, 7.10799500e+02, 1.17564819e+03, 7.17698364e+02,
    1.06791113e+03, 7.15914856e+02, 1.09345105e+03, 7.23050415e+02,
    1.11852881e+03, 7.29827332e+02, 1.14336633e+03, 7.36818787e+02,
    1.16809937e+03, 7.43666138e+02 ]
