%YAML:1.0
---
points: [ 1.24704346e+03, 3.46935974e+02, 1.21911353e+03, 3.61308777e+02,
    1.19197791e+03, 3.75224670e+02, 1.16555933e+03, 3.88719849e+02,
    1.13973950e+03, 4.01835602e+02, 1.23309448e+03, 3.19316589e+02,
    1.20525037e+03, 3.33983795e+02, 1.17816052e+03, 3.48299194e+02,
    1.15178796e+03, 3.62213379e+02, 1.12617004e+03, 3.75695099e+02,
    1.21889111e+03, 2.91528168e+02, 1.19115979e+03, 3.06611053e+02,
    1.16429553e+03, 3.21367096e+02, 1.13807910e+03, 3.35639526e+02,
    1.11257300e+03, 3.49511597e+02, 1.20463330e+03, 2.63587891e+02,
    1.17716809e+03, 2.79168243e+02, 1.15035193e+03, 2.94248322e+02,
    1.12432886e+03, 3.08815643e+02, 1.09874475e+03, 3.23158661e+02,
    1.19044641e+03, 2.35575653e+02, 1.16300452e+03, 2.51501297e+02,
    1.13639221e+03, 2.66905457e+02, 1.11040271e+03, 2.82084900e+02,
    1.08506934e+03, 2.96616852e+02, 1.17635461e+03, 2.07255798e+02,
    1.14888049e+03, 2.23581421e+02, 1.12232544e+03, 2.39499557e+02,
    1.09656067e+03, 2.54942886e+02, 1.07133069e+03, 2.70041565e+02,
    1.16200610e+03, 1.78625076e+02, 1.13468750e+03, 1.95487076e+02,
    1.10832642e+03, 2.11759079e+02, 1.08251965e+03, 2.27597427e+02,
    1.05738367e+03, 2.43109558e+02 ]
