%YAML:1.0
---
points: [ 1.07275134e+03, 5.47556702e+02, 1.09725745e+03, 5.54848877e+02,
    1.12125989e+03, 5.62092590e+02, 1.14459949e+03, 5.69260193e+02,
    1.16808936e+03, 5.76295166e+02, 1.06522791e+03, 5.73425415e+02,
    1.08967883e+03, 5.80655212e+02, 1.11362805e+03, 5.87676758e+02,
    1.13742261e+03, 5.94682861e+02, 1.16067310e+03, 6.01587646e+02,
    1.05761975e+03, 5.99285706e+02, 1.08225281e+03, 6.06401062e+02,
    1.10632666e+03, 6.13308472e+02, 1.13002295e+03, 6.20166931e+02,
    1.15354675e+03, 6.26921326e+02, 1.05001648e+03, 6.25011536e+02,
    1.07466846e+03, 6.32163391e+02, 1.09876660e+03, 6.38787598e+02,
    1.12260840e+03, 6.45462280e+02, 1.14632971e+03, 6.52161499e+02,
    1.04252844e+03, 6.50924744e+02, 1.06726562e+03, 6.57781860e+02,
    1.09134717e+03, 6.64530823e+02, 1.11518103e+03, 6.70934204e+02,
    1.13879663e+03, 6.77359009e+02, 1.03468042e+03, 6.76775635e+02,
    1.05965198e+03, 6.83479980e+02, 1.08376575e+03, 6.89999939e+02,
    1.10755762e+03, 6.96379089e+02, 1.13134363e+03, 7.02601990e+02,
    1.02721411e+03, 7.02787964e+02, 1.05206177e+03, 7.09439270e+02,
    1.07621069e+03, 7.15679016e+02, 1.10022046e+03, 7.21926636e+02,
    1.12377576e+03, 7.28143921e+02 ]
