%YAML:1.0
---
points: [ 3.16206299e+02, 1.17657570e+02, 3.09779602e+02, 1.22984764e+02,
    3.03675873e+02, 1.28187317e+02, 2.97781525e+02, 1.33082840e+02,
    2.91971619e+02, 1.37792831e+02, 3.10171661e+02, 1.10560806e+02,
    3.03993958e+02, 1.16145866e+02, 2.97935211e+02, 1.21401558e+02,
    2.92094208e+02, 1.26578125e+02, 2.86752960e+02, 1.31322281e+02,
    3.04234436e+02, 1.03629196e+02, 2.98042877e+02, 1.09227493e+02,
    2.92161713e+02, 1.14588821e+02, 2.86326233e+02, 1.19844063e+02,
    2.80908386e+02, 1.24747826e+02, 2.98156342e+02, 9.64380875e+01,
    2.92108643e+02, 1.02247452e+02, 2.86292114e+02, 1.07756432e+02,
    2.80677185e+02, 1.13153320e+02, 2.75406464e+02, 1.18224289e+02,
    2.92184357e+02, 8.93609924e+01, 2.86210236e+02, 9.52257996e+01,
    2.80429138e+02, 1.00913536e+02, 2.75000183e+02, 1.06290520e+02,
    2.69592804e+02, 1.11491585e+02, 2.86141266e+02, 8.20804138e+01,
    2.80252747e+02, 8.81340408e+01, 2.74573883e+02, 9.39737015e+01,
    2.69268860e+02, 9.94836807e+01, 2.64056946e+02, 1.05020424e+02,
    2.80074371e+02, 7.48272476e+01, 2.74270996e+02, 8.09856644e+01,
    2.68699097e+02, 8.69622726e+01, 2.63350861e+02, 9.25526428e+01,
    2.58219910e+02, 9.81015625e+01 ]
