%YAML:1.0
---
points: [ 3.28463196e+02, 1.58674515e+02, 3.19239349e+02, 1.63371490e+02,
    3.10226257e+02, 1.68140381e+02, 3.01427979e+02, 1.72609116e+02,
    2.92771637e+02, 1.77126480e+02, 3.23650757e+02, 1.49571533e+02,
    3.14504669e+02, 1.54475739e+02, 3.05583344e+02, 1.59232193e+02,
    2.96789764e+02, 1.63947357e+02, 2.88226624e+02, 1.68427185e+02,
    3.19042084e+02, 1.40623901e+02, 3.09816681e+02, 1.45509109e+02,
    3.00949554e+02, 1.50384567e+02, 2.92171265e+02, 1.55123123e+02,
    2.83636108e+02, 1.59813690e+02, 3.14219635e+02, 1.31315842e+02,
    3.05188385e+02, 1.36496628e+02, 2.96241119e+02, 1.41405731e+02,
    2.87497131e+02, 1.46307388e+02, 2.78993652e+02, 1.51081482e+02,
    3.09456451e+02, 1.22297867e+02, 3.00377350e+02, 1.27353714e+02,
    2.91491180e+02, 1.32445007e+02, 2.82908142e+02, 1.37457138e+02,
    2.74326416e+02, 1.42318710e+02, 3.04657806e+02, 1.12978500e+02,
    2.95660736e+02, 1.18283478e+02, 2.86821198e+02, 1.23495590e+02,
    2.78227631e+02, 1.28502136e+02, 2.69687134e+02, 1.33484070e+02,
    2.99926788e+02, 1.03649261e+02, 2.90841492e+02, 1.09095161e+02,
    2.82123108e+02, 1.14339531e+02, 2.73389709e+02, 1.19482864e+02,
    2.65006042e+02, 1.24599976e+02 ]
