%YAML:1.0
---
points: [ 1.16044238e+03, 3.90952515e+02, 1.13432935e+03, 4.04690277e+02,
    1.10877808e+03, 4.18067841e+02, 1.08379041e+03, 4.31286224e+02,
    1.05932104e+03, 4.44022308e+02, 1.14656970e+03, 3.64750671e+02,
    1.12057214e+03, 3.78773407e+02, 1.09517383e+03, 3.92427643e+02,
    1.07029675e+03, 4.05734344e+02, 1.04581018e+03, 4.18906342e+02,
    1.13273755e+03, 3.38496887e+02, 1.10684009e+03, 3.52812988e+02,
    1.08153186e+03, 3.66659088e+02, 1.05667773e+03, 3.80375549e+02,
    1.03234875e+03, 3.93714874e+02, 1.11885022e+03, 3.11973022e+02,
    1.09308862e+03, 3.26551117e+02, 1.06771936e+03, 3.40734711e+02,
    1.04310168e+03, 3.54693573e+02, 1.01876556e+03, 3.68426056e+02,
    1.10489917e+03, 2.85407074e+02, 1.07919446e+03, 3.00352356e+02,
    1.05407690e+03, 3.14728943e+02, 1.02942590e+03, 3.29097687e+02,
    1.00519965e+03, 3.42909332e+02, 1.09104822e+03, 2.58692566e+02,
    1.06542114e+03, 2.73816589e+02, 1.04033313e+03, 2.88640656e+02,
    1.01568469e+03, 3.03176025e+02, 9.91559998e+02, 3.17499420e+02,
    1.07701001e+03, 2.31635452e+02, 1.05137354e+03, 2.47159714e+02,
    1.02629919e+03, 2.62325897e+02, 1.00176593e+03, 2.77114929e+02,
    9.77699768e+02, 2.91618164e+02 ]
