%YAML:1.0
---
points: [ 2.92867554e+02, 1.76350159e+02, 2.84333679e+02, 1.80854431e+02,
    2.75967285e+02, 1.85443054e+02, 2.67640259e+02, 1.89844620e+02,
    2.59419647e+02, 1.94208282e+02, 2.88156006e+02, 1.67772095e+02,
    2.79678223e+02, 1.72388275e+02, 2.71302460e+02, 1.77020935e+02,
    2.63093048e+02, 1.81543396e+02, 2.54935104e+02, 1.86013397e+02,
    2.83673004e+02, 1.59382034e+02, 2.75066498e+02, 1.64041443e+02,
    2.66727966e+02, 1.68590332e+02, 2.58409058e+02, 1.73140259e+02,
    2.50310928e+02, 1.77668915e+02, 2.78838043e+02, 1.50465851e+02,
    2.70416748e+02, 1.55379379e+02, 2.62109161e+02, 1.60147293e+02,
    2.53864700e+02, 1.64770859e+02, 2.45709000e+02, 1.69300949e+02,
    2.74248535e+02, 1.42038086e+02, 2.65692139e+02, 1.46814865e+02,
    2.57414307e+02, 1.51573273e+02, 2.49205154e+02, 1.56272278e+02,
    2.41076248e+02, 1.60993195e+02, 2.69465057e+02, 1.33204330e+02,
    2.61104797e+02, 1.38219101e+02, 2.52760849e+02, 1.43049561e+02,
    2.44512772e+02, 1.47770844e+02, 2.36376724e+02, 1.52467148e+02,
    2.64834747e+02, 1.24433853e+02, 2.56316498e+02, 1.29413895e+02,
    2.48108109e+02, 1.34311768e+02, 2.39823074e+02, 1.39197098e+02,
    2.31677338e+02, 1.44023422e+02 ]
