%YAML:1.0
---
points: [ 1.05954871e+03, 4.40515717e+02, 1.03515820e+03, 4.53641113e+02,
    1.01094476e+03, 4.66783356e+02, 9.87267395e+02, 4.79554993e+02,
    9.63604858e+02, 4.92422974e+02, 1.04609937e+03, 4.15582764e+02,
    1.02159338e+03, 4.29122284e+02, 9.97583679e+02, 4.42310699e+02,
    9.73773010e+02, 4.55368561e+02, 9.50336487e+02, 4.68289154e+02,
    1.03240662e+03, 3.90688110e+02, 1.00818915e+03, 4.04434631e+02,
    9.84039612e+02, 4.17668121e+02, 9.60378296e+02, 4.30949951e+02,
    9.36838745e+02, 4.44107147e+02, 1.01877881e+03, 3.65719055e+02,
    9.94477966e+02, 3.79591766e+02, 9.70510925e+02, 3.93189575e+02,
    9.46827209e+02, 4.06492950e+02, 9.23434814e+02, 4.19723297e+02,
    1.00517383e+03, 3.40656891e+02, 9.80817505e+02, 3.54666687e+02,
    9.56934631e+02, 3.68430054e+02, 9.33320557e+02, 3.81923004e+02,
    9.09883423e+02, 3.95399750e+02, 9.91551819e+02, 3.15446289e+02,
    9.67293213e+02, 3.29625641e+02, 9.43357544e+02, 3.43497284e+02,
    9.19673584e+02, 3.57312286e+02, 8.96344910e+02, 3.70879120e+02,
    9.77687012e+02, 2.89854492e+02, 9.53362122e+02, 3.04366150e+02,
    9.29567871e+02, 3.18478516e+02, 9.05912781e+02, 3.32418457e+02,
    8.82579956e+02, 3.46282196e+02 ]
