%YAML:1.0
---
points: [ 3.65468353e+02, 7.32107620e+01, 3.58419159e+02, 7.88792114e+01,
    3.51671844e+02, 8.43008499e+01, 3.45140747e+02, 8.95292511e+01,
    3.38869537e+02, 9.45674744e+01, 3.59456909e+02, 6.55526810e+01,
    3.52502960e+02, 7.13644867e+01, 3.45813049e+02, 7.70363693e+01,
    3.39407898e+02, 8.24045029e+01, 3.33399750e+02, 8.75282822e+01,
    3.53300964e+02, 5.79105453e+01, 3.46458252e+02, 6.39325790e+01,
    3.40009644e+02, 6.96458817e+01, 3.33657806e+02, 7.51887436e+01,
    3.27630890e+02, 8.04383163e+01, 3.47151215e+02, 5.02684784e+01,
    3.40477936e+02, 5.63174553e+01, 3.34079773e+02, 6.22527733e+01,
    3.27924255e+02, 6.79480743e+01, 3.22094391e+02, 7.33696518e+01,
    3.41052460e+02, 4.23804855e+01, 3.34424805e+02, 4.87891273e+01,
    3.28170105e+02, 5.47924690e+01, 3.22133179e+02, 6.06644096e+01,
    3.16280609e+02, 6.62335815e+01, 3.34912201e+02, 3.46951942e+01,
    3.28434082e+02, 4.10508347e+01, 3.22219910e+02, 4.73337784e+01,
    3.16327301e+02, 5.32837639e+01, 3.10609650e+02, 5.92028885e+01,
    3.28675720e+02, 2.66582298e+01, 3.22288300e+02, 3.34650078e+01,
    3.16267761e+02, 3.97053452e+01, 3.10357483e+02, 4.60003853e+01,
    3.04791595e+02, 5.17454643e+01 ]
