%YAML:1.0
---
points: [ 1.12361865e+03, 5.65717529e+02, 1.14879187e+03, 5.73235352e+02,
    1.17346118e+03, 5.80543701e+02, 1.19798389e+03, 5.87690613e+02,
    1.22233691e+03, 5.95020691e+02, 1.11634070e+03, 5.91819824e+02,
    1.14137036e+03, 5.99132385e+02, 1.16604614e+03, 6.06389893e+02,
    1.19057959e+03, 6.13496338e+02, 1.21513635e+03, 6.20658325e+02,
    1.10869373e+03, 6.17870178e+02, 1.13387622e+03, 6.25076233e+02,
    1.15868506e+03, 6.32295227e+02, 1.18344800e+03, 6.39394348e+02,
    1.20793579e+03, 6.46382263e+02, 1.10127954e+03, 6.43889221e+02,
    1.12662085e+03, 6.50928955e+02, 1.15139246e+03, 6.57974915e+02,
    1.17594568e+03, 6.65205688e+02, 1.20072107e+03, 6.72036072e+02,
    1.09367175e+03, 6.70038452e+02, 1.11912439e+03, 6.76991028e+02,
    1.14385388e+03, 6.83922302e+02, 1.16860901e+03, 6.90840393e+02,
    1.19326392e+03, 6.97609802e+02, 1.08620251e+03, 6.95884583e+02,
    1.11158887e+03, 7.02988220e+02, 1.13647815e+03, 7.09861145e+02,
    1.16113391e+03, 7.16663086e+02, 1.18578137e+03, 7.23437927e+02,
    1.07858118e+03, 7.22234619e+02, 1.10412170e+03, 7.29173218e+02,
    1.12905859e+03, 7.35726685e+02, 1.15368384e+03, 7.42577759e+02,
    1.17842798e+03, 7.49330933e+02 ]
