%YAML:1.0
---
points: [ 2.43481903e+02, 1.85149902e+02, 2.37440308e+02, 1.90346771e+02,
    2.31536575e+02, 1.95480301e+02, 2.25749466e+02, 2.00532349e+02,
    2.20100571e+02, 2.05317047e+02, 2.37319794e+02, 1.78361435e+02,
    2.31376511e+02, 1.83775482e+02, 2.25533737e+02, 1.89043915e+02,
    2.19878464e+02, 1.94188034e+02, 2.14391113e+02, 1.99076981e+02,
    2.31220261e+02, 1.71772202e+02, 2.25268997e+02, 1.77200348e+02,
    2.19472168e+02, 1.82470078e+02, 2.13817581e+02, 1.87646942e+02,
    2.08225540e+02, 1.92673630e+02, 2.24959473e+02, 1.65005447e+02,
    2.19160583e+02, 1.70498413e+02, 2.13385117e+02, 1.75907867e+02,
    2.07829910e+02, 1.81230499e+02, 2.02465302e+02, 1.86323776e+02,
    2.18822372e+02, 1.58238815e+02, 2.12984512e+02, 1.63840286e+02,
    2.07307159e+02, 1.69311813e+02, 2.01781784e+02, 1.74592285e+02,
    1.96256851e+02, 1.79815353e+02, 2.12539536e+02, 1.51279190e+02,
    2.06818069e+02, 1.57059799e+02, 2.01213409e+02, 1.62585602e+02,
    1.95722748e+02, 1.68126358e+02, 1.90356705e+02, 1.73392395e+02,
    2.06309387e+02, 1.44387711e+02, 2.00558670e+02, 1.50170151e+02,
    1.95041367e+02, 1.55856888e+02, 1.89512100e+02, 1.61334991e+02,
    1.84238235e+02, 1.66710159e+02 ]
