%YAML:1.0
---
points: [ 1.07292151e+03, 4.33477234e+02, 1.04772546e+03, 4.47173950e+02,
    1.02303339e+03, 4.60427673e+02, 9.98633057e+02, 4.73585602e+02,
    9.74596985e+02, 4.86459930e+02, 1.05899072e+03, 4.07816956e+02,
    1.03389795e+03, 4.21587494e+02, 1.00924597e+03, 4.35194275e+02,
    9.84824097e+02, 4.48521942e+02, 9.60883118e+02, 4.61610504e+02,
    1.04497937e+03, 3.82104401e+02, 1.01987189e+03, 3.96180176e+02,
    9.95267090e+02, 4.09800232e+02, 9.71005188e+02, 4.23497192e+02,
    9.47132812e+02, 4.36694733e+02, 1.03071484e+03, 3.56242279e+02,
    1.00578485e+03, 3.70416382e+02, 9.81292419e+02, 3.84393127e+02,
    9.57111023e+02, 3.98262115e+02, 9.33292114e+02, 4.11662018e+02,
    1.01663672e+03, 3.30239685e+02, 9.91711609e+02, 3.44643250e+02,
    9.67278625e+02, 3.58816681e+02, 9.43133667e+02, 3.72863403e+02,
    9.19365479e+02, 3.86652771e+02, 1.00253387e+03, 3.04127808e+02,
    9.77601624e+02, 3.18716034e+02, 9.53210876e+02, 3.33271790e+02,
    9.29209900e+02, 3.47446289e+02, 9.05294617e+02, 3.61536469e+02,
    9.88300232e+02, 2.77589355e+02, 9.63380432e+02, 2.92587799e+02,
    9.39027893e+02, 3.07370392e+02, 9.14892639e+02, 3.21726593e+02,
    8.91264160e+02, 3.36073730e+02 ]
