%YAML:1.0
---
points: [ 1.11674341e+03, 5.59959229e+02, 1.14181116e+03, 5.67251038e+02,
    1.16649695e+03, 5.74530029e+02, 1.19093018e+03, 5.81669373e+02,
    1.21519580e+03, 5.88783691e+02, 1.10925793e+03, 5.85842651e+02,
    1.13442529e+03, 5.93122864e+02, 1.15909448e+03, 6.00368896e+02,
    1.18355115e+03, 6.07436707e+02, 1.20789136e+03, 6.14434265e+02,
    1.10171094e+03, 6.11854065e+02, 1.12713452e+03, 6.19057678e+02,
    1.15175415e+03, 6.26136475e+02, 1.17623218e+03, 6.33123962e+02,
    1.20072681e+03, 6.40039185e+02, 1.09434497e+03, 6.37811157e+02,
    1.11956531e+03, 6.44830261e+02, 1.14433765e+03, 6.51780945e+02,
    1.16891919e+03, 6.58777222e+02, 1.19350269e+03, 6.65678711e+02,
    1.08677893e+03, 6.63752808e+02, 1.11215894e+03, 6.70806030e+02,
    1.13688647e+03, 6.77591003e+02, 1.16144971e+03, 6.84444946e+02,
    1.18596655e+03, 6.91368225e+02, 1.07925574e+03, 6.89772949e+02,
    1.10452051e+03, 6.96691528e+02, 1.12939929e+03, 7.03401917e+02,
    1.15395776e+03, 7.10189941e+02, 1.17858765e+03, 7.16872925e+02,
    1.07156091e+03, 7.15875732e+02, 1.09687610e+03, 7.22671875e+02,
    1.12182629e+03, 7.29369263e+02, 1.14656604e+03, 7.36018127e+02,
    1.17116748e+03, 7.42623047e+02 ]
