%YAML:1.0
---
points: [ 2.98120697e+02, 1.73993835e+02, 2.89266632e+02, 1.78584351e+02,
    2.80640991e+02, 1.83236359e+02, 2.72155182e+02, 1.87751022e+02,
    2.63767303e+02, 1.92209930e+02, 2.93252533e+02, 1.65077225e+02,
    2.84493164e+02, 1.69854141e+02, 2.75920898e+02, 1.74547195e+02,
    2.67361816e+02, 1.79225784e+02, 2.59077606e+02, 1.83695312e+02,
    2.88531799e+02, 1.56292023e+02, 2.79717072e+02, 1.61121948e+02,
    2.71174774e+02, 1.65894653e+02, 2.62669647e+02, 1.70525696e+02,
    2.54320526e+02, 1.75194382e+02, 2.83678680e+02, 1.47252319e+02,
    2.74971344e+02, 1.52270645e+02, 2.66325623e+02, 1.57147049e+02,
    2.57958099e+02, 1.61929459e+02, 2.49598618e+02, 1.66550873e+02,
    2.78868561e+02, 1.38374619e+02, 2.70147888e+02, 1.43336761e+02,
    2.61542725e+02, 1.48300812e+02, 2.53130157e+02, 1.53144119e+02,
    2.44830414e+02, 1.57973465e+02, 2.74002472e+02, 1.29274994e+02,
    2.65296967e+02, 1.34410385e+02, 2.56726837e+02, 1.39439880e+02,
    2.48370163e+02, 1.44366592e+02, 2.40078217e+02, 1.49240494e+02,
    2.69192810e+02, 1.20184723e+02, 2.60385864e+02, 1.25334145e+02,
    2.51899399e+02, 1.30436234e+02, 2.43457062e+02, 1.35463531e+02,
    2.35226227e+02, 1.40484131e+02 ]
