%YAML:1.0
---
points: [ 1.08268054e+03, 5.63947388e+02, 1.11160266e+03, 5.72584167e+02,
    1.14000647e+03, 5.81122742e+02, 1.16840442e+03, 5.89624573e+02,
    1.19659216e+03, 5.97945190e+02, 1.07420935e+03, 5.93263977e+02,
    1.10281775e+03, 6.01721130e+02, 1.13157544e+03, 6.10279480e+02,
    1.15981873e+03, 6.18536377e+02, 1.18821033e+03, 6.26992249e+02,
    1.06549536e+03, 6.22411499e+02, 1.09452087e+03, 6.30943909e+02,
    1.12294495e+03, 6.39349792e+02, 1.15145728e+03, 6.47671753e+02,
    1.17984070e+03, 6.55949707e+02, 1.05680969e+03, 6.51525757e+02,
    1.08579224e+03, 6.60088623e+02, 1.11450281e+03, 6.68353882e+02,
    1.14290210e+03, 6.76637634e+02, 1.17142859e+03, 6.84927673e+02,
    1.04817224e+03, 6.80826599e+02, 1.07729053e+03, 6.89311279e+02,
    1.10587122e+03, 6.97545288e+02, 1.13443152e+03, 7.05783325e+02,
    1.16291443e+03, 7.13975769e+02, 1.03942664e+03, 7.10313599e+02,
    1.06856775e+03, 7.18512329e+02, 1.09729614e+03, 7.26721985e+02,
    1.12578088e+03, 7.34865662e+02, 1.15432312e+03, 7.42951599e+02,
    1.03062439e+03, 7.39606995e+02, 1.05987134e+03, 7.47902039e+02,
    1.08862134e+03, 7.56080750e+02, 1.11726892e+03, 7.64258728e+02,
    1.14584094e+03, 7.72293396e+02 ]
