%YAML:1.0
---
points: [ 3.26409943e+02, 1.60458969e+02, 3.17070068e+02, 1.65249771e+02,
    3.07916138e+02, 1.69912460e+02, 2.99080872e+02, 1.74365265e+02,
    2.90340210e+02, 1.78834305e+02, 3.21535675e+02, 1.51200256e+02,
    3.12258698e+02, 1.56118729e+02, 3.03201447e+02, 1.60878906e+02,
    2.94345673e+02, 1.65466995e+02, 2.85738739e+02, 1.70042282e+02,
    3.16773285e+02, 1.41988434e+02, 3.07453979e+02, 1.46940903e+02,
    2.98427429e+02, 1.51822006e+02, 2.89655579e+02, 1.56524261e+02,
    2.81091736e+02, 1.61185074e+02, 3.11928528e+02, 1.32499252e+02,
    3.02710205e+02, 1.37715424e+02, 2.93668213e+02, 1.42698044e+02,
    2.84933746e+02, 1.47511200e+02, 2.76342468e+02, 1.52298233e+02,
    3.07065155e+02, 1.23238663e+02, 2.97863708e+02, 1.28403580e+02,
    2.88929962e+02, 1.33517090e+02, 2.80198517e+02, 1.38523651e+02,
    2.71640991e+02, 1.43377151e+02, 3.02213776e+02, 1.13660866e+02,
    2.93068573e+02, 1.19123665e+02, 2.84156189e+02, 1.24313126e+02,
    2.75392426e+02, 1.29372101e+02, 2.66884491e+02, 1.34373428e+02,
    2.97304382e+02, 1.04165039e+02, 2.88191071e+02, 1.09645912e+02,
    2.79271332e+02, 1.14939621e+02, 2.70598114e+02, 1.20193115e+02,
    2.62169220e+02, 1.25366623e+02 ]
