%YAML:1.0
---
points: [ 2.15977402e+02, 2.13792908e+02, 2.09706619e+02, 2.19279953e+02,
    2.03602081e+02, 2.24718979e+02, 1.97632950e+02, 2.29986420e+02,
    1.91639145e+02, 2.35189163e+02, 2.09522827e+02, 2.07006653e+02,
    2.03339600e+02, 2.12622864e+02, 1.97322876e+02, 2.18083084e+02,
    1.91311920e+02, 2.23502426e+02, 1.85556854e+02, 2.28738037e+02,
    2.03151993e+02, 2.00318481e+02, 1.97025818e+02, 2.05933792e+02,
    1.90933014e+02, 2.11468796e+02, 1.85064819e+02, 2.16935699e+02,
    1.79187088e+02, 2.22212006e+02, 1.96595078e+02, 1.93413071e+02,
    1.90531815e+02, 1.99163910e+02, 1.84564301e+02, 2.04784500e+02,
    1.78692703e+02, 2.10304794e+02, 1.73033188e+02, 2.15703766e+02,
    1.90213699e+02, 1.86605621e+02, 1.84167770e+02, 1.92373505e+02,
    1.78166656e+02, 1.98067688e+02, 1.72341293e+02, 2.03601547e+02,
    1.66617661e+02, 2.09129044e+02, 1.83692978e+02, 1.79608566e+02,
    1.77677017e+02, 1.85502136e+02, 1.71749893e+02, 1.91287369e+02,
    1.66008698e+02, 1.96915817e+02, 1.60297882e+02, 2.02511520e+02,
    1.77167572e+02, 1.72726013e+02, 1.71176514e+02, 1.78637741e+02,
    1.65269547e+02, 1.84466309e+02, 1.59453461e+02, 1.90220520e+02,
    1.53786835e+02, 1.95775864e+02 ]
