%YAML:1.0
---
points: [ 1.15284119e+03, 3.94558167e+02, 1.12651721e+03, 4.08318634e+02,
    1.10065503e+03, 4.21652771e+02, 1.07554333e+03, 4.34703217e+02,
    1.05102307e+03, 4.47484924e+02, 1.13875464e+03, 3.67683868e+02,
    1.11257849e+03, 3.81705536e+02, 1.08686206e+03, 3.95474243e+02,
    1.06183521e+03, 4.08794403e+02, 1.03731360e+03, 4.21847626e+02,
    1.12457324e+03, 3.40762146e+02, 1.09844983e+03, 3.55276245e+02,
    1.07287244e+03, 3.69211609e+02, 1.04788879e+03, 3.82961731e+02,
    1.02357483e+03, 3.96327301e+02, 1.11032300e+03, 3.13683838e+02,
    1.08432300e+03, 3.28488922e+02, 1.05875232e+03, 3.42755249e+02,
    1.03414795e+03, 3.56775665e+02, 1.00965656e+03, 3.70523956e+02,
    1.09614819e+03, 2.86564392e+02, 1.07020874e+03, 3.01597992e+02,
    1.04488855e+03, 3.16305420e+02, 1.02016980e+03, 3.30659912e+02,
    9.95867981e+02, 3.44671143e+02, 1.08189453e+03, 2.59208252e+02,
    1.05603406e+03, 2.74584656e+02, 1.03069263e+03, 2.89587372e+02,
    1.00618903e+03, 3.04347260e+02, 9.81934814e+02, 3.18709290e+02,
    1.06749255e+03, 2.31510696e+02, 1.04163525e+03, 2.47363373e+02,
    1.01655591e+03, 2.62672760e+02, 9.91986084e+02, 2.77708344e+02,
    9.68009033e+02, 2.92430450e+02 ]
