%YAML:1.0
---
points: [ 2.34158905e+02, 2.01493027e+02, 2.27499313e+02, 2.07111954e+02,
    2.21231522e+02, 2.12680130e+02, 2.14993301e+02, 2.18106201e+02,
    2.08889343e+02, 2.23253540e+02, 2.27383347e+02, 1.94264374e+02,
    2.20999893e+02, 2.00096848e+02, 2.14671173e+02, 2.05661987e+02,
    2.08518936e+02, 2.11182663e+02, 2.02589996e+02, 2.16465286e+02,
    2.20752640e+02, 1.87181671e+02, 2.14334137e+02, 1.92978561e+02,
    2.08128738e+02, 1.98619141e+02, 2.02015015e+02, 2.04221848e+02,
    1.96040634e+02, 2.09586792e+02, 2.13958908e+02, 1.79914032e+02,
    2.07663239e+02, 1.85843369e+02, 2.01453644e+02, 1.91581696e+02,
    1.95428833e+02, 1.97226288e+02, 1.89619171e+02, 2.02760849e+02,
    2.07229523e+02, 1.72619965e+02, 2.00972107e+02, 1.78650009e+02,
    1.94845581e+02, 1.84476334e+02, 1.88841019e+02, 1.90225647e+02,
    1.83047470e+02, 1.95790039e+02, 2.00432541e+02, 1.65193253e+02,
    1.94257385e+02, 1.71350845e+02, 1.88196442e+02, 1.77297256e+02,
    1.82296066e+02, 1.83137726e+02, 1.76482391e+02, 1.88823486e+02,
    1.93620163e+02, 1.57782410e+02, 1.87433685e+02, 1.64003860e+02,
    1.81396027e+02, 1.70066864e+02, 1.75529678e+02, 1.76000656e+02,
    1.69787262e+02, 1.81762360e+02 ]
