%YAML:1.0
---
points: [ 3.23657501e+02, 1.49089447e+02, 3.33932678e+02, 1.49885468e+02,
    3.44349365e+02, 1.50865982e+02, 3.55103973e+02, 1.51775406e+02,
    3.66138000e+02, 1.52806274e+02, 3.22230316e+02, 1.59409210e+02,
    3.32397552e+02, 1.60417114e+02, 3.42764404e+02, 1.61516342e+02,
    3.53382690e+02, 1.62500153e+02, 3.64355713e+02, 1.63619324e+02,
    3.20767334e+02, 1.69664627e+02, 3.30895813e+02, 1.70764130e+02,
    3.41233459e+02, 1.71927704e+02, 3.51792938e+02, 1.73078247e+02,
    3.62707275e+02, 1.74336746e+02, 3.19343964e+02, 1.79749344e+02,
    3.29410248e+02, 1.81088608e+02, 3.39696075e+02, 1.82302505e+02,
    3.50251099e+02, 1.83601196e+02, 3.61145874e+02, 1.84910065e+02,
    3.17935699e+02, 1.89909866e+02, 3.27954376e+02, 1.91239807e+02,
    3.38183685e+02, 1.92594620e+02, 3.48688995e+02, 1.94055832e+02,
    3.59481995e+02, 1.95540543e+02, 3.16504211e+02, 1.99898605e+02,
    3.26509064e+02, 2.01339691e+02, 3.36709930e+02, 2.02863617e+02,
    3.47173035e+02, 2.04365005e+02, 3.57995850e+02, 2.05973801e+02,
    3.15147675e+02, 2.09777374e+02, 3.25102325e+02, 2.11400208e+02,
    3.35226990e+02, 2.13125336e+02, 3.45621185e+02, 2.14711945e+02,
    3.56391937e+02, 2.16438309e+02 ]
