%YAML:1.0
---
points: [ 1.10336426e+03, 5.60452271e+02, 1.13315063e+03, 5.68976135e+02,
    1.16298462e+03, 5.77413147e+02, 1.19251245e+03, 5.85817810e+02,
    1.22219043e+03, 5.94357910e+02, 1.09482715e+03, 5.90477051e+02,
    1.12508716e+03, 5.99151062e+02, 1.15459058e+03, 6.07592163e+02,
    1.18434619e+03, 6.15923035e+02, 1.21399866e+03, 6.24397827e+02,
    1.08672400e+03, 6.20483276e+02, 1.11654895e+03, 6.29036316e+02,
    1.14637805e+03, 6.37633362e+02, 1.17609058e+03, 6.46071655e+02,
    1.20619092e+03, 6.54631470e+02, 1.07835034e+03, 6.50510742e+02,
    1.10852563e+03, 6.59252502e+02, 1.13814062e+03, 6.67643921e+02,
    1.16781079e+03, 6.75981445e+02, 1.19774939e+03, 6.84604797e+02,
    1.06981470e+03, 6.80676453e+02, 1.10016016e+03, 6.89383118e+02,
    1.13004041e+03, 6.97654053e+02, 1.16001978e+03, 7.06353577e+02,
    1.18977783e+03, 7.14865417e+02, 1.06165149e+03, 7.10758118e+02,
    1.09203577e+03, 7.19463989e+02, 1.12163086e+03, 7.27881592e+02,
    1.15152490e+03, 7.36381104e+02, 1.18134814e+03, 7.44712952e+02,
    1.05322241e+03, 7.41160095e+02, 1.08364734e+03, 7.49872192e+02,
    1.11354321e+03, 7.58417725e+02, 1.14332861e+03, 7.66778931e+02,
    1.17329480e+03, 7.75312988e+02 ]
