%YAML:1.0
---
points: [ 1.14575989e+03, 3.61836700e+02, 1.17473071e+03, 3.64751068e+02,
    1.20434167e+03, 3.67394440e+02, 1.23450781e+03, 3.70351013e+02,
    1.26558032e+03, 3.73041687e+02, 1.14182544e+03, 3.91896454e+02,
    1.17050256e+03, 3.94933228e+02, 1.20013538e+03, 3.98063232e+02,
    1.23009485e+03, 4.01382141e+02, 1.26091211e+03, 4.04453369e+02,
    1.13783301e+03, 4.21483673e+02, 1.16635205e+03, 4.24729523e+02,
    1.19563110e+03, 4.28434357e+02, 1.22565405e+03, 4.31829529e+02,
    1.25641199e+03, 4.35354034e+02, 1.13386694e+03, 4.50705292e+02,
    1.16236108e+03, 4.54561920e+02, 1.19133032e+03, 4.58385742e+02,
    1.22133508e+03, 4.62119720e+02, 1.25189038e+03, 4.66196259e+02,
    1.12990076e+03, 4.80174438e+02, 1.15842029e+03, 4.84212860e+02,
    1.18728760e+03, 4.88135620e+02, 1.21695105e+03, 4.92470856e+02,
    1.24743420e+03, 4.96810608e+02, 1.12620593e+03, 5.09003723e+02,
    1.15436084e+03, 5.13388550e+02, 1.18313904e+03, 5.17974609e+02,
    1.21261011e+03, 5.22530396e+02, 1.24308582e+03, 5.27161621e+02,
    1.12226562e+03, 5.38171143e+02, 1.15023889e+03, 5.42749939e+02,
    1.17908130e+03, 5.47497925e+02, 1.20834912e+03, 5.52295288e+02,
    1.23852258e+03, 5.57154480e+02 ]
