%YAML:1.0
---
points: [ 9.33326477e+02, 5.18384216e+02, 9.64144287e+02, 5.27521973e+02,
    9.94416504e+02, 5.36496948e+02, 1.02432959e+03, 5.45481201e+02,
    1.05434058e+03, 5.54436584e+02, 9.24145752e+02, 5.49308533e+02,
    9.54773682e+02, 5.58317017e+02, 9.85307007e+02, 5.67348267e+02,
    1.01543207e+03, 5.76165955e+02, 1.04538196e+03, 5.84949036e+02,
    9.14952148e+02, 5.80113647e+02, 9.45837646e+02, 5.89105530e+02,
    9.76207458e+02, 5.97919495e+02, 1.00641571e+03, 6.06735962e+02,
    1.03659192e+03, 6.15472107e+02, 9.05911011e+02, 6.11059082e+02,
    9.36747070e+02, 6.19808594e+02, 9.67238953e+02, 6.28580078e+02,
    9.97465393e+02, 6.37409790e+02, 1.02768823e+03, 6.45947327e+02,
    8.96638123e+02, 6.41821228e+02, 9.27612305e+02, 6.50651611e+02,
    9.58160156e+02, 6.59550476e+02, 9.88417236e+02, 6.68022644e+02,
    1.01855829e+03, 6.76494324e+02, 8.87360291e+02, 6.72800354e+02,
    9.18447937e+02, 6.81589722e+02, 9.48988892e+02, 6.90192444e+02,
    9.79373169e+02, 6.98486877e+02, 1.00955719e+03, 7.07130676e+02,
    8.78083435e+02, 7.03922302e+02, 9.09237976e+02, 7.12720581e+02,
    9.39707886e+02, 7.21220581e+02, 9.70295227e+02, 7.29413269e+02,
    1.00047601e+03, 7.37757446e+02 ]
