%YAML:1.0
---
points: [ 3.36358398e+02, 1.47491760e+02, 3.47332489e+02, 1.48292740e+02,
    3.58611298e+02, 1.49115402e+02, 3.70192963e+02, 1.49894562e+02,
    3.82103699e+02, 1.50907486e+02, 3.34911285e+02, 1.58532486e+02,
    3.45773010e+02, 1.59470596e+02, 3.56953461e+02, 1.60475586e+02,
    3.68384796e+02, 1.61495392e+02, 3.80299286e+02, 1.62604126e+02,
    3.33355316e+02, 1.69371643e+02, 3.44213593e+02, 1.70503403e+02,
    3.55307617e+02, 1.71616150e+02, 3.66798279e+02, 1.72785797e+02,
    3.78514130e+02, 1.74018066e+02, 3.31920898e+02, 1.80138321e+02,
    3.42643372e+02, 1.81414734e+02, 3.53702484e+02, 1.82711304e+02,
    3.65163025e+02, 1.84102829e+02, 3.76884430e+02, 1.85393478e+02,
    3.30425568e+02, 1.90857880e+02, 3.41189545e+02, 1.92248627e+02,
    3.52155212e+02, 1.93704147e+02, 3.63445343e+02, 1.95229294e+02,
    3.75177948e+02, 1.96757614e+02, 3.29044586e+02, 2.01471054e+02,
    3.39642120e+02, 2.03108490e+02, 3.50600769e+02, 2.04635864e+02,
    3.61878632e+02, 2.06254913e+02, 3.73497833e+02, 2.07927414e+02,
    3.27558502e+02, 2.12120468e+02, 3.38177673e+02, 2.13769806e+02,
    3.49069855e+02, 2.15426666e+02, 3.60275208e+02, 2.17268417e+02,
    3.71863068e+02, 2.19197891e+02 ]
