%YAML:1.0
---
points: [ 1.17936230e+03, 3.57572449e+02, 1.21034473e+03, 3.60219696e+02,
    1.24196130e+03, 3.62582611e+02, 1.27447900e+03, 3.65408478e+02,
    1.30805811e+03, 3.67901917e+02, 1.17514062e+03, 3.89420959e+02,
    1.20591589e+03, 3.92374878e+02, 1.23729553e+03, 3.95436859e+02,
    1.26968188e+03, 3.98400024e+02, 1.30305908e+03, 4.01695496e+02,
    1.17082495e+03, 4.20805817e+02, 1.20152490e+03, 4.24324982e+02,
    1.23277258e+03, 4.27782867e+02, 1.26499988e+03, 4.31194519e+02,
    1.29831421e+03, 4.34717926e+02, 1.16695325e+03, 4.52169495e+02,
    1.19725940e+03, 4.55759399e+02, 1.22837244e+03, 4.59751892e+02,
    1.26034265e+03, 4.63732269e+02, 1.29346814e+03, 4.67679779e+02,
    1.16314111e+03, 4.83053650e+02, 1.19302100e+03, 4.87399963e+02,
    1.22400391e+03, 4.91602234e+02, 1.25582520e+03, 4.96123627e+02,
    1.28876123e+03, 5.00577026e+02, 1.15907471e+03, 5.13932495e+02,
    1.18902393e+03, 5.18589844e+02, 1.21976929e+03, 5.23345642e+02,
    1.25149646e+03, 5.28158691e+02, 1.28435999e+03, 5.33062012e+02,
    1.15490369e+03, 5.44662903e+02, 1.18492859e+03, 5.49690308e+02,
    1.21548315e+03, 5.54713013e+02, 1.24718152e+03, 5.59938721e+02,
    1.27959338e+03, 5.65331116e+02 ]
