%YAML:1.0
---
points: [ 2.79794769e+02, 1.64845184e+02, 2.72590088e+02, 1.70802872e+02,
    2.65721466e+02, 1.76630768e+02, 2.59016876e+02, 1.82219711e+02,
    2.52554886e+02, 1.87606796e+02, 2.72821167e+02, 1.56962219e+02,
    2.65771240e+02, 1.63124786e+02, 2.58961426e+02, 1.69048157e+02,
    2.52335037e+02, 1.74799683e+02, 2.46091202e+02, 1.80271255e+02,
    2.65801636e+02, 1.49142883e+02, 2.58850342e+02, 1.55383469e+02,
    2.52186234e+02, 1.61471558e+02, 2.45582840e+02, 1.67263031e+02,
    2.39301239e+02, 1.72944275e+02, 2.58729431e+02, 1.41122101e+02,
    2.51895523e+02, 1.47535095e+02, 2.45273926e+02, 1.53754333e+02,
    2.38909439e+02, 1.59760864e+02, 2.32741547e+02, 1.65483688e+02,
    2.51724091e+02, 1.33143112e+02, 2.44950729e+02, 1.39688416e+02,
    2.38401062e+02, 1.46026703e+02, 2.32127411e+02, 1.52147339e+02,
    2.26010986e+02, 1.58080353e+02, 2.44644455e+02, 1.24950287e+02,
    2.38036636e+02, 1.31761383e+02, 2.31491882e+02, 1.38210159e+02,
    2.25318405e+02, 1.44467865e+02, 2.19304489e+02, 1.50492004e+02,
    2.37503174e+02, 1.16818321e+02, 2.30888763e+02, 1.23684914e+02,
    2.24558060e+02, 1.30307541e+02, 2.18402573e+02, 1.36694168e+02,
    2.12437912e+02, 1.42933487e+02 ]
