%YAML:1.0
---
points: [ 9.52546326e+02, 5.22246094e+02, 9.83299194e+02, 5.31395264e+02,
    1.01362250e+03, 5.40381104e+02, 1.04386548e+03, 5.49527161e+02,
    1.07417212e+03, 5.58648621e+02, 9.43448486e+02, 5.52806946e+02,
    9.74130859e+02, 5.62051331e+02, 1.00451929e+03, 5.71296387e+02,
    1.03472241e+03, 5.80288147e+02, 1.06521716e+03, 5.89306641e+02,
    9.34202881e+02, 5.83591980e+02, 9.65054932e+02, 5.92796204e+02,
    9.95434631e+02, 6.01806274e+02, 1.02580078e+03, 6.10825012e+02,
    1.05625427e+03, 6.19799072e+02, 9.25004028e+02, 6.14394775e+02,
    9.55738647e+02, 6.23461914e+02, 9.86268616e+02, 6.32520752e+02,
    1.01674237e+03, 6.41545105e+02, 1.04727856e+03, 6.50490051e+02,
    9.15805847e+02, 6.45274475e+02, 9.46640259e+02, 6.54354187e+02,
    9.77107422e+02, 6.63388489e+02, 1.00753186e+03, 6.72177673e+02,
    1.03798669e+03, 6.81166199e+02, 9.06527344e+02, 6.76066956e+02,
    9.37398987e+02, 6.85230774e+02, 9.67957764e+02, 6.94083008e+02,
    9.98470215e+02, 7.02723633e+02, 1.02885596e+03, 7.11734009e+02,
    8.97197083e+02, 7.07130066e+02, 9.28111450e+02, 7.16156677e+02,
    9.58724182e+02, 7.24837585e+02, 9.89329346e+02, 7.33734375e+02,
    1.01981049e+03, 7.42579712e+02 ]
