%YAML:1.0
---
points: [ 1.08332385e+03, 3.50604431e+02, 1.11387305e+03, 3.53162659e+02,
    1.14513098e+03, 3.55667877e+02, 1.17703345e+03, 3.58259949e+02,
    1.20997266e+03, 3.60799744e+02, 1.07976379e+03, 3.82526978e+02,
    1.11031201e+03, 3.85442474e+02, 1.14139172e+03, 3.88246063e+02,
    1.17314124e+03, 3.91337280e+02, 1.20571948e+03, 3.94270447e+02,
    1.07612549e+03, 4.14120605e+02, 1.10657642e+03, 4.17410461e+02,
    1.13755188e+03, 4.20490326e+02, 1.16912463e+03, 4.23846466e+02,
    1.20139502e+03, 4.27323914e+02, 1.07278088e+03, 4.45503784e+02,
    1.10280957e+03, 4.49096771e+02, 1.13358862e+03, 4.52588074e+02,
    1.16503723e+03, 4.56164001e+02, 1.19726697e+03, 4.59870453e+02,
    1.06937732e+03, 4.76761108e+02, 1.09938306e+03, 4.80643707e+02,
    1.12981580e+03, 4.84475769e+02, 1.16124597e+03, 4.88362854e+02,
    1.19329578e+03, 4.92429443e+02, 1.06579822e+03, 5.07723145e+02,
    1.09568103e+03, 5.12009094e+02, 1.12629517e+03, 5.16181580e+02,
    1.15752454e+03, 5.20339539e+02, 1.18946204e+03, 5.24639160e+02,
    1.06234155e+03, 5.38689697e+02, 1.09209998e+03, 5.43205811e+02,
    1.12250122e+03, 5.47595154e+02, 1.15359827e+03, 5.52045593e+02,
    1.18540735e+03, 5.56684082e+02 ]
