%YAML:1.0
---
points: [ 3.03263153e+02, 1.45268585e+02, 3.14076569e+02, 1.45966949e+02,
    3.25055664e+02, 1.46823303e+02, 3.36331879e+02, 1.47697525e+02,
    3.47872009e+02, 1.48607803e+02, 3.02033722e+02, 1.56287720e+02,
    3.12684174e+02, 1.57212784e+02, 3.23559723e+02, 1.58159485e+02,
    3.34790649e+02, 1.59103424e+02, 3.46319733e+02, 1.60044556e+02,
    3.00666199e+02, 1.67256104e+02, 3.11292969e+02, 1.68280762e+02,
    3.22200989e+02, 1.69303253e+02, 3.33332703e+02, 1.70375443e+02,
    3.44796051e+02, 1.71542374e+02, 2.99358521e+02, 1.77972595e+02,
    3.09976074e+02, 1.79208069e+02, 3.20840637e+02, 1.80364334e+02,
    3.31944427e+02, 1.81584061e+02, 3.43312714e+02, 1.82758179e+02,
    2.98134613e+02, 1.88778595e+02, 3.08684082e+02, 1.90035492e+02,
    3.19427856e+02, 1.91367233e+02, 3.30503723e+02, 1.92662415e+02,
    3.41820923e+02, 1.94106934e+02, 2.96862701e+02, 1.99414444e+02,
    3.07387299e+02, 2.00906647e+02, 3.18138947e+02, 2.02245407e+02,
    3.29145050e+02, 2.03686386e+02, 3.40443268e+02, 2.05165543e+02,
    2.95637146e+02, 2.10043610e+02, 3.06160828e+02, 2.11538528e+02,
    3.16759583e+02, 2.13165024e+02, 3.27740265e+02, 2.14643234e+02,
    3.39047394e+02, 2.16289108e+02 ]
