%YAML:1.0
---
points: [ 3.36953461e+02, 1.12818993e+02, 3.28102295e+02, 1.19782494e+02,
    3.19621826e+02, 1.26442146e+02, 3.11471893e+02, 1.32835297e+02,
    3.03832428e+02, 1.38905334e+02, 3.29515015e+02, 1.03559601e+02,
    3.20789246e+02, 1.10765129e+02, 3.12442261e+02, 1.17661537e+02,
    3.04492798e+02, 1.24251411e+02, 2.96919678e+02, 1.30509155e+02,
    3.22025024e+02, 9.43082352e+01, 3.13423676e+02, 1.01738152e+02,
    3.05225342e+02, 1.08803551e+02, 2.97367279e+02, 1.15572258e+02,
    2.89965118e+02, 1.22123482e+02, 3.14380280e+02, 8.49626617e+01,
    3.06042664e+02, 9.25964661e+01, 2.97972443e+02, 9.98776779e+01,
    2.90314941e+02, 1.06904053e+02, 2.82968903e+02, 1.13512535e+02,
    3.06853119e+02, 7.54902954e+01, 2.98565094e+02, 8.33697815e+01,
    2.90674683e+02, 9.08901596e+01, 2.83104248e+02, 9.80206146e+01,
    2.75879181e+02, 1.04979790e+02, 2.99247589e+02, 6.59399185e+01,
    2.91144226e+02, 7.40551987e+01, 2.83307129e+02, 8.17576065e+01,
    2.75929932e+02, 8.91949844e+01, 2.68783966e+02, 9.62691040e+01,
    2.91578918e+02, 5.62686691e+01, 2.83574463e+02, 6.46245956e+01,
    2.75956970e+02, 7.25841446e+01, 2.68597351e+02, 8.01693726e+01,
    2.61607574e+02, 8.74844360e+01 ]
