%YAML:1.0
---
points: [ 2.68352783e+02, 1.42581680e+02, 2.79030548e+02, 1.43473480e+02,
    2.89803711e+02, 1.44239517e+02, 3.00667633e+02, 1.45135513e+02,
    3.11919159e+02, 1.46002350e+02, 2.67274658e+02, 1.53578827e+02,
    2.77823822e+02, 1.54502899e+02, 2.88526886e+02, 1.55411469e+02,
    2.99409943e+02, 1.56380554e+02, 3.10566376e+02, 1.57272125e+02,
    2.66196045e+02, 1.64449646e+02, 2.76698273e+02, 1.65436676e+02,
    2.87387909e+02, 1.66433731e+02, 2.98189484e+02, 1.67458542e+02,
    3.09122437e+02, 1.68593643e+02, 2.65143372e+02, 1.75166931e+02,
    2.75597778e+02, 1.76275055e+02, 2.86206696e+02, 1.77354126e+02,
    2.96926178e+02, 1.78421722e+02, 3.07997925e+02, 1.79461700e+02,
    2.63965607e+02, 1.85892334e+02, 2.74462799e+02, 1.86985062e+02,
    2.85046387e+02, 1.88197540e+02, 2.95773438e+02, 1.89368088e+02,
    3.06673767e+02, 1.90675003e+02, 2.62952881e+02, 1.96511490e+02,
    2.73365051e+02, 1.97728760e+02, 2.83899567e+02, 1.98923309e+02,
    2.94603821e+02, 2.00230804e+02, 3.05513580e+02, 2.01438354e+02,
    2.61849335e+02, 2.07098297e+02, 2.72273468e+02, 2.08353348e+02,
    2.82736176e+02, 2.09614609e+02, 2.93401520e+02, 2.10988235e+02,
    3.04269165e+02, 2.12346863e+02 ]
