%YAML:1.0
---
points: [ 8.82907043e+02, 5.04453430e+02, 9.14644958e+02, 5.14122009e+02,
    9.46233154e+02, 5.23597351e+02, 9.77407166e+02, 5.33090820e+02,
    1.00868011e+03, 5.42488525e+02, 8.73358459e+02, 5.36391418e+02,
    9.05204712e+02, 5.45800659e+02, 9.36656982e+02, 5.55333069e+02,
    9.67996277e+02, 5.64695435e+02, 9.99400513e+02, 5.74051941e+02,
    8.63640747e+02, 5.68057068e+02, 8.95599609e+02, 5.77532593e+02,
    9.27200562e+02, 5.86940369e+02, 9.58610779e+02, 5.96404846e+02,
    9.89974670e+02, 6.05603516e+02, 8.54124512e+02, 5.99797119e+02,
    8.86043274e+02, 6.09206787e+02, 9.17616577e+02, 6.18615784e+02,
    9.49091492e+02, 6.27887451e+02, 9.80533630e+02, 6.37230469e+02,
    8.44461243e+02, 6.31612061e+02, 8.76401367e+02, 6.41078735e+02,
    9.08117004e+02, 6.50255554e+02, 9.39548645e+02, 6.59530334e+02,
    9.71194031e+02, 6.68751465e+02, 8.34622192e+02, 6.63509155e+02,
    8.66836304e+02, 6.72799744e+02, 8.98485168e+02, 6.82041138e+02,
    9.30028015e+02, 6.91318604e+02, 9.61579773e+02, 7.00323181e+02,
    8.24905457e+02, 6.95570679e+02, 8.57144653e+02, 7.04917297e+02,
    8.88942932e+02, 7.13933411e+02, 9.20581787e+02, 7.23116821e+02,
    9.52086182e+02, 7.32226990e+02 ]
