%YAML:1.0
---
points: [ 3.37160767e+02, 1.19209961e+02, 3.28403503e+02, 1.26168900e+02,
    3.20060516e+02, 1.32901550e+02, 3.12098419e+02, 1.39277252e+02,
    3.04462646e+02, 1.45309128e+02, 3.29604401e+02, 1.10133881e+02,
    3.21052185e+02, 1.17330917e+02, 3.12814972e+02, 1.24250648e+02,
    3.05011932e+02, 1.30842407e+02, 2.97474060e+02, 1.37071609e+02,
    3.22089386e+02, 1.01105659e+02, 3.13572510e+02, 1.08472847e+02,
    3.05518311e+02, 1.15579430e+02, 2.97833191e+02, 1.22294395e+02,
    2.90496277e+02, 1.28797531e+02, 3.14324799e+02, 9.19114914e+01,
    3.06144196e+02, 9.95038071e+01, 2.98229736e+02, 1.06817619e+02,
    2.90667114e+02, 1.13761467e+02, 2.83456543e+02, 1.20397713e+02,
    3.06786621e+02, 8.27062378e+01, 2.98622772e+02, 9.04647064e+01,
    2.90917938e+02, 9.80091629e+01, 2.83377716e+02, 1.05146393e+02,
    2.76367615e+02, 1.12063026e+02, 2.99155243e+02, 7.32783432e+01,
    2.91148010e+02, 8.13774338e+01, 2.83472595e+02, 8.90941620e+01,
    2.76283081e+02, 9.64471512e+01, 2.69246735e+02, 1.03475914e+02,
    2.91432129e+02, 6.38378792e+01, 2.83522186e+02, 7.22028580e+01,
    2.76066071e+02, 8.01087112e+01, 2.68884308e+02, 8.76611633e+01,
    2.62067505e+02, 9.49439468e+01 ]
