%YAML:1.0
---
points: [ 9.82426636e+02, 3.42427063e+02, 1.01295514e+03, 3.44926483e+02,
    1.04384790e+03, 3.47549194e+02, 1.07515259e+03, 3.50257843e+02,
    1.10714746e+03, 3.52929443e+02, 9.79462036e+02, 3.74268799e+02,
    1.00987372e+03, 3.76987823e+02, 1.04050659e+03, 3.79828339e+02,
    1.07165857e+03, 3.82595612e+02, 1.10338989e+03, 3.85615326e+02,
    9.76313171e+02, 4.05711182e+02, 1.00664075e+03, 4.08596893e+02,
    1.03735547e+03, 4.11727051e+02, 1.06847534e+03, 4.14737885e+02,
    1.09995923e+03, 4.17942444e+02, 9.73510559e+02, 4.36928101e+02,
    1.00347028e+03, 4.40039001e+02, 1.03391418e+03, 4.43429688e+02,
    1.06509094e+03, 4.46579712e+02, 1.09639868e+03, 4.49996277e+02,
    9.70453247e+02, 4.67964203e+02, 1.00052014e+03, 4.71490906e+02,
    1.03080493e+03, 4.75037079e+02, 1.06158557e+03, 4.78396332e+02,
    1.09300671e+03, 4.81922058e+02, 9.67561401e+02, 4.98800171e+02,
    9.97340820e+02, 5.02564545e+02, 1.02767261e+03, 5.06335938e+02,
    1.05848621e+03, 5.09756531e+02, 1.08975159e+03, 5.13615234e+02,
    9.64571777e+02, 5.29587097e+02, 9.94414856e+02, 5.33567932e+02,
    1.02436548e+03, 5.37415649e+02, 1.05505884e+03, 5.41262085e+02,
    1.08621729e+03, 5.45243225e+02 ]
