%YAML:1.0
---
points: [ 3.43752655e+02, 1.48137909e+02, 3.55949951e+02, 1.48857239e+02,
    3.68369904e+02, 1.49861954e+02, 3.81219147e+02, 1.50786377e+02,
    3.94511810e+02, 1.51746323e+02, 3.42117249e+02, 1.60199081e+02,
    3.54161194e+02, 1.61269424e+02, 3.66551941e+02, 1.62348373e+02,
    3.79317108e+02, 1.63459335e+02, 3.92482361e+02, 1.64614029e+02,
    3.40448212e+02, 1.72167892e+02, 3.52405548e+02, 1.73372177e+02,
    3.64772766e+02, 1.74644455e+02, 3.77488434e+02, 1.75883469e+02,
    3.90646454e+02, 1.77288803e+02, 3.38896637e+02, 1.83902328e+02,
    3.50761261e+02, 1.85362488e+02, 3.63049316e+02, 1.86804550e+02,
    3.75654480e+02, 1.88260864e+02, 3.88797455e+02, 1.89788345e+02,
    3.37248016e+02, 1.95626587e+02, 3.49131958e+02, 1.97238541e+02,
    3.61326111e+02, 1.98911163e+02, 3.73917572e+02, 2.00562363e+02,
    3.86980255e+02, 2.02325897e+02, 3.35763397e+02, 2.07322525e+02,
    3.47475861e+02, 2.09105789e+02, 3.59645294e+02, 2.10880096e+02,
    3.72176239e+02, 2.12713364e+02, 3.85131775e+02, 2.14647934e+02,
    3.34213013e+02, 2.18877899e+02, 3.45890961e+02, 2.20856201e+02,
    3.57977936e+02, 2.22851379e+02, 3.70395660e+02, 2.24855286e+02,
    3.83288422e+02, 2.27026688e+02 ]
