%YAML:1.0
---
points: [ 1.19519666e+03, 3.59751129e+02, 1.22924207e+03, 3.62194000e+02,
    1.26430835e+03, 3.64985687e+02, 1.30063025e+03, 3.67647766e+02,
    1.33803210e+03, 3.70638641e+02, 1.19066553e+03, 3.94546661e+02,
    1.22451477e+03, 3.97709686e+02, 1.25940039e+03, 4.01045441e+02,
    1.29544348e+03, 4.04307800e+02, 1.33266089e+03, 4.07678131e+02,
    1.18627600e+03, 4.29097382e+02, 1.21986279e+03, 4.32790863e+02,
    1.25441589e+03, 4.36489929e+02, 1.29028088e+03, 4.40333069e+02,
    1.32730896e+03, 4.44465240e+02, 1.18192590e+03, 4.63304260e+02,
    1.21533679e+03, 4.67347565e+02, 1.24961768e+03, 4.71662506e+02,
    1.28525378e+03, 4.76176605e+02, 1.32202393e+03, 4.80668152e+02,
    1.17757007e+03, 4.97314056e+02, 1.21087329e+03, 5.02043671e+02,
    1.24480420e+03, 5.06809875e+02, 1.28036743e+03, 5.11707245e+02,
    1.31680798e+03, 5.16830688e+02, 1.17347852e+03, 5.30874268e+02,
    1.20638599e+03, 5.36074402e+02, 1.24026831e+03, 5.41403992e+02,
    1.27548987e+03, 5.46805298e+02, 1.31179163e+03, 5.52480164e+02,
    1.16910681e+03, 5.64557739e+02, 1.20179102e+03, 5.70337402e+02,
    1.23556445e+03, 5.75933777e+02, 1.27053674e+03, 5.81778320e+02,
    1.30671936e+03, 5.87923340e+02 ]
