%YAML:1.0
---
points: [ 3.83292175e+02, 8.21795807e+01, 3.72552551e+02, 9.08152008e+01,
    3.62220612e+02, 9.90739975e+01, 3.52362335e+02, 1.06897644e+02,
    3.43051636e+02, 1.14356628e+02, 3.74881073e+02, 7.18622742e+01,
    3.64286102e+02, 8.06868668e+01, 3.54163574e+02, 8.91838455e+01,
    3.44418701e+02, 9.73002930e+01, 3.35262238e+02, 1.05031982e+02,
    3.66276703e+02, 6.13350868e+01, 3.55923370e+02, 7.05755234e+01,
    3.46034729e+02, 7.92492905e+01, 3.36477478e+02, 8.76237335e+01,
    3.27450836e+02, 9.55912933e+01, 3.57680176e+02, 5.09704704e+01,
    3.47531616e+02, 6.02362099e+01, 3.37780884e+02, 6.92651672e+01,
    3.28424133e+02, 7.78801193e+01, 3.19593781e+02, 8.60916519e+01,
    3.49096130e+02, 4.03004074e+01, 3.39056396e+02, 5.00605125e+01,
    3.29505524e+02, 5.91767616e+01, 3.20357910e+02, 6.81140289e+01,
    3.11658905e+02, 7.65513916e+01, 3.40390320e+02, 2.98008347e+01,
    3.30542358e+02, 3.95398827e+01, 3.21239807e+02, 4.92090225e+01,
    3.12285278e+02, 5.81524391e+01, 3.03722137e+02, 6.69367447e+01,
    3.31620056e+02, 1.90550995e+01, 3.22017639e+02, 2.92933369e+01,
    3.12839172e+02, 3.88482208e+01, 3.04070099e+02, 4.82682762e+01,
    2.95736237e+02, 5.71973114e+01 ]
