%YAML:1.0
---
points: [ 8.04442505e+02, 4.90142853e+02, 8.36807190e+02, 5.00011078e+02,
    8.68742310e+02, 5.09686890e+02, 9.00674683e+02, 5.19561462e+02,
    9.32372375e+02, 5.29257507e+02, 7.94488708e+02, 5.22276001e+02,
    8.26763184e+02, 5.32052979e+02, 8.58944519e+02, 5.41777283e+02,
    8.90763306e+02, 5.51428711e+02, 9.22651794e+02, 5.61209839e+02,
    7.84409607e+02, 5.54344910e+02, 8.16881897e+02, 5.64141052e+02,
    8.49028931e+02, 5.73699280e+02, 8.80923157e+02, 5.83407104e+02,
    9.12924744e+02, 5.92920044e+02, 7.74514648e+02, 5.86432678e+02,
    8.06818176e+02, 5.96250732e+02, 8.39136047e+02, 6.05694946e+02,
    8.71249329e+02, 6.15334534e+02, 9.03106323e+02, 6.24813049e+02,
    7.64411560e+02, 6.18664185e+02, 7.96820007e+02, 6.28382629e+02,
    8.29216553e+02, 6.37940491e+02, 8.61272339e+02, 6.47380920e+02,
    8.93409546e+02, 6.56799683e+02, 7.54322754e+02, 6.50958923e+02,
    7.86847412e+02, 6.60598511e+02, 8.19214539e+02, 6.70083801e+02,
    8.51448242e+02, 6.79499207e+02, 8.83565857e+02, 6.88878479e+02,
    7.44149658e+02, 6.83438965e+02, 7.76733154e+02, 6.93012268e+02,
    8.09153503e+02, 7.02409729e+02, 8.41441833e+02, 7.11689392e+02,
    8.73638733e+02, 7.21164124e+02 ]
