%YAML:1.0
---
points: [ 3.48395111e+02, 1.12849335e+02, 3.38360413e+02, 1.21116776e+02,
    3.28744080e+02, 1.29106079e+02, 3.19552368e+02, 1.36739670e+02,
    3.10703888e+02, 1.44040436e+02, 3.40093262e+02, 1.02974899e+02,
    3.30211304e+02, 1.11480804e+02, 3.20736481e+02, 1.19708542e+02,
    3.11659302e+02, 1.27571213e+02, 3.02976654e+02, 1.35041992e+02,
    3.31646057e+02, 9.31378860e+01, 3.21936218e+02, 1.01896225e+02,
    3.12600616e+02, 1.10274551e+02, 3.03696991e+02, 1.18315353e+02,
    2.95183258e+02, 1.26066002e+02, 3.23163300e+02, 8.31817398e+01,
    3.13610870e+02, 9.21492081e+01, 3.04417084e+02, 1.00714828e+02,
    2.95701447e+02, 1.09040192e+02, 2.87296814e+02, 1.16883797e+02,
    3.14725708e+02, 7.31427841e+01, 3.05309418e+02, 8.23046112e+01,
    2.96309967e+02, 9.11853943e+01, 2.87658478e+02, 9.96035461e+01,
    2.79398224e+02, 1.07767097e+02, 3.06196381e+02, 6.30426865e+01,
    2.96960236e+02, 7.24216690e+01, 2.88120453e+02, 8.14707565e+01,
    2.79615875e+02, 9.02014008e+01, 2.71447083e+02, 9.85110931e+01,
    2.97621765e+02, 5.27537918e+01, 2.88462189e+02, 6.24535294e+01,
    2.79807098e+02, 7.16905975e+01, 2.71437744e+02, 8.05897522e+01,
    2.63403564e+02, 8.92195511e+01 ]
