%YAML:1.0
---
points: [ 9.55012329e+02, 5.39898499e+02, 9.85585510e+02, 5.49630249e+02,
    1.01614984e+03, 5.59338501e+02, 1.04694739e+03, 5.68895325e+02,
    1.07790015e+03, 5.78536255e+02, 9.45272461e+02, 5.70850342e+02,
    9.75750061e+02, 5.80554077e+02, 1.00645728e+03, 5.90374878e+02,
    1.03730969e+03, 5.99920776e+02, 1.06841479e+03, 6.09862122e+02,
    9.35524170e+02, 6.01618835e+02, 9.66112671e+02, 6.11544800e+02,
    9.96715027e+02, 6.21305603e+02, 1.02755359e+03, 6.31158020e+02,
    1.05864563e+03, 6.40881348e+02, 9.25854675e+02, 6.32460266e+02,
    9.56481873e+02, 6.42424927e+02, 9.86916199e+02, 6.52233582e+02,
    1.01787347e+03, 6.62205566e+02, 1.04891553e+03, 6.72258667e+02,
    9.16088989e+02, 6.63438110e+02, 9.46675293e+02, 6.73436584e+02,
    9.77305786e+02, 6.83349060e+02, 1.00811884e+03, 6.93527100e+02,
    1.03927588e+03, 7.03562378e+02, 9.06370850e+02, 6.94423279e+02,
    9.36946045e+02, 7.04537781e+02, 9.67554810e+02, 7.14623962e+02,
    9.98443115e+02, 7.24562073e+02, 1.02947266e+03, 7.34883789e+02,
    8.96539612e+02, 7.25507874e+02, 9.27093201e+02, 7.35822998e+02,
    9.57702026e+02, 7.45827637e+02, 9.88569336e+02, 7.56197815e+02,
    1.01967200e+03, 7.66518250e+02 ]
