%YAML:1.0
---
points: [ 1.34964893e+03, 3.75387207e+02, 1.38827100e+03, 3.78264923e+02,
    1.42829004e+03, 3.81433929e+02, 1.47012622e+03, 3.84612823e+02,
    1.51409534e+03, 3.87903076e+02, 1.34375427e+03, 4.13208588e+02,
    1.38173901e+03, 4.16922882e+02, 1.42167578e+03, 4.20776398e+02,
    1.46329761e+03, 4.24855072e+02, 1.50673401e+03, 4.29323975e+02,
    1.33782019e+03, 4.50468872e+02, 1.37567126e+03, 4.54950226e+02,
    1.41516760e+03, 4.59832153e+02, 1.45628015e+03, 4.64815765e+02,
    1.49958154e+03, 4.70016418e+02, 1.33230969e+03, 4.87469208e+02,
    1.36963428e+03, 4.92776825e+02, 1.40864929e+03, 4.98325256e+02,
    1.44951758e+03, 5.04075348e+02, 1.49244714e+03, 5.10158875e+02,
    1.32652222e+03, 5.24249573e+02, 1.36369727e+03, 5.30333313e+02,
    1.40242493e+03, 5.36648743e+02, 1.44314673e+03, 5.43465698e+02,
    1.48557825e+03, 5.50276794e+02, 1.32089832e+03, 5.60658936e+02,
    1.35772046e+03, 5.67455627e+02, 1.39631067e+03, 5.74648987e+02,
    1.43670325e+03, 5.82008972e+02, 1.47905017e+03, 5.89930908e+02,
    1.31527710e+03, 5.96889160e+02, 1.35194482e+03, 6.04487793e+02,
    1.39022888e+03, 6.12501282e+02, 1.43024829e+03, 6.20569275e+02,
    1.47214221e+03, 6.29179749e+02 ]
