%YAML:1.0
---
points: [ 3.99059814e+02, 1.53426712e+02, 4.12756104e+02, 1.54536774e+02,
    4.26890625e+02, 1.55606339e+02, 4.41400116e+02, 1.56834579e+02,
    4.56659943e+02, 1.57954239e+02, 3.97023743e+02, 1.66543564e+02,
    4.10555817e+02, 1.67773071e+02, 4.24533356e+02, 1.69199020e+02,
    4.39155670e+02, 1.70555573e+02, 4.54235321e+02, 1.72142731e+02,
    3.94842560e+02, 1.79384644e+02, 4.08331573e+02, 1.80961990e+02,
    4.22352509e+02, 1.82510681e+02, 4.36898132e+02, 1.84377853e+02,
    4.51893188e+02, 1.86147736e+02, 3.92815674e+02, 1.92184448e+02,
    4.06208466e+02, 1.94091522e+02, 4.20133240e+02, 1.95943878e+02,
    4.34558228e+02, 1.98014923e+02, 4.49438568e+02, 2.00058502e+02,
    3.90723846e+02, 2.04997787e+02, 4.04141541e+02, 2.07054306e+02,
    4.17927490e+02, 2.09177261e+02, 4.32203003e+02, 2.11496399e+02,
    4.47126953e+02, 2.13864120e+02, 3.88703369e+02, 2.17469620e+02,
    4.01955261e+02, 2.19940735e+02, 4.15709900e+02, 2.22338913e+02,
    4.30008057e+02, 2.24822418e+02, 4.44730011e+02, 2.27464172e+02,
    3.86681824e+02, 2.30080872e+02, 3.99852600e+02, 2.32704788e+02,
    4.13453217e+02, 2.35358490e+02, 4.27633698e+02, 2.38177963e+02,
    4.42302979e+02, 2.41033966e+02 ]
