%YAML:1.0
---
points: [ 4.88247772e+02, 4.10124359e+02, 5.29013428e+02, 4.22645905e+02,
    5.68778564e+02, 4.34742554e+02, 6.07430481e+02, 4.46766968e+02,
    6.45044617e+02, 4.58363403e+02, 4.75811188e+02, 4.47345520e+02,
    5.17260742e+02, 4.59483612e+02, 5.57153625e+02, 4.71164459e+02,
    5.95966370e+02, 4.82489136e+02, 6.33750732e+02, 4.93548706e+02,
    4.63645325e+02, 4.84423828e+02, 5.05237427e+02, 4.96132233e+02,
    5.45332336e+02, 5.07400909e+02, 5.84528198e+02, 5.18312805e+02,
    6.22545105e+02, 5.28838806e+02, 4.51463531e+02, 5.21628113e+02,
    4.93243500e+02, 5.32810913e+02, 5.33542358e+02, 5.43572937e+02,
    5.72732605e+02, 5.54189575e+02, 6.11343323e+02, 5.64395142e+02,
    4.39054504e+02, 5.59277344e+02, 4.80975708e+02, 5.69902832e+02,
    5.21501892e+02, 5.80270447e+02, 5.61186646e+02, 5.90148438e+02,
    5.99806702e+02, 5.99813049e+02, 4.26603760e+02, 5.96733215e+02,
    4.68653229e+02, 6.07128174e+02, 5.09634796e+02, 6.16708557e+02,
    5.49452393e+02, 6.26232239e+02, 5.88318542e+02, 6.35428589e+02,
    4.14125916e+02, 6.34530457e+02, 4.56384552e+02, 6.44432983e+02,
    4.97493530e+02, 6.53668213e+02, 5.37643921e+02, 6.62547058e+02,
    5.76616089e+02, 6.71344238e+02 ]
