%YAML:1.0
---
points: [ 2.82642303e+02, 1.44719879e+02, 2.93873840e+02, 1.45555435e+02,
    3.05501373e+02, 1.46369354e+02, 3.17385712e+02, 1.47227859e+02,
    3.29755524e+02, 1.48083359e+02, 2.81326111e+02, 1.56646317e+02,
    2.92475433e+02, 1.57657867e+02, 3.04017059e+02, 1.58659988e+02,
    3.15881531e+02, 1.59707260e+02, 3.28105927e+02, 1.60743118e+02,
    2.79930481e+02, 1.68529892e+02, 2.91131348e+02, 1.69637009e+02,
    3.02544220e+02, 1.70827408e+02, 3.14340759e+02, 1.71967545e+02,
    3.26458252e+02, 1.73262772e+02, 2.78638885e+02, 1.80230621e+02,
    2.89704651e+02, 1.81474152e+02, 3.01158142e+02, 1.82811249e+02,
    3.12839081e+02, 1.84221451e+02, 3.24941956e+02, 1.85563538e+02,
    2.77350006e+02, 1.91900375e+02, 2.88372925e+02, 1.93301239e+02,
    2.99740936e+02, 1.94826279e+02, 3.11364349e+02, 1.96301712e+02,
    3.23391693e+02, 1.97915756e+02, 2.76108459e+02, 2.03415329e+02,
    2.87060822e+02, 2.05109909e+02, 2.98344330e+02, 2.06656540e+02,
    3.09977905e+02, 2.08307129e+02, 3.21976624e+02, 2.09988968e+02,
    2.74818268e+02, 2.14928558e+02, 2.85730286e+02, 2.16676147e+02,
    2.97002625e+02, 2.18414703e+02, 3.08521698e+02, 2.20258713e+02,
    3.20441589e+02, 2.22204865e+02 ]
