%YAML:1.0
---
points: [ 3.11966919e+02, 1.48246140e+02, 3.02478607e+02, 1.56355316e+02,
    2.93356964e+02, 1.64237823e+02, 2.84542206e+02, 1.71872894e+02,
    2.76035675e+02, 1.79242371e+02, 3.03445160e+02, 1.38759003e+02,
    2.94204346e+02, 1.47135605e+02, 2.85192352e+02, 1.55134445e+02,
    2.76437134e+02, 1.62966354e+02, 2.68027802e+02, 1.70389267e+02,
    2.95058105e+02, 1.29311417e+02, 2.85864227e+02, 1.37809952e+02,
    2.76930145e+02, 1.46047531e+02, 2.68290283e+02, 1.53926010e+02,
    2.60023560e+02, 1.61624405e+02, 2.86465027e+02, 1.19714928e+02,
    2.77417358e+02, 1.28387314e+02, 2.68596558e+02, 1.36754120e+02,
    2.60166168e+02, 1.44882217e+02, 2.51936935e+02, 1.52715439e+02,
    2.77977112e+02, 1.10124924e+02, 2.69045135e+02, 1.18958504e+02,
    2.60311798e+02, 1.27493256e+02, 2.51926941e+02, 1.35736282e+02,
    2.43798553e+02, 1.43762329e+02, 2.69394318e+02, 1.00295921e+02,
    2.60464905e+02, 1.09361549e+02, 2.51958435e+02, 1.18115135e+02,
    2.43663635e+02, 1.26511505e+02, 2.35583725e+02, 1.34710831e+02,
    2.60727356e+02, 9.04548721e+01, 2.51969254e+02, 9.97245789e+01,
    2.43435181e+02, 1.08604935e+02, 2.35258286e+02, 1.17195587e+02,
    2.27347214e+02, 1.25575882e+02 ]
