%YAML:1.0
---
points: [ 1.01865424e+03, 3.48818634e+02, 1.05065894e+03, 3.51301178e+02,
    1.08355273e+03, 3.53993652e+02, 1.11733545e+03, 3.56528381e+02,
    1.15200916e+03, 3.59359833e+02, 1.01521167e+03, 3.83429382e+02,
    1.04704895e+03, 3.86462341e+02, 1.07962207e+03, 3.89532410e+02,
    1.11298608e+03, 3.92596191e+02, 1.14768982e+03, 3.95953217e+02,
    1.01152875e+03, 4.17753448e+02, 1.04325842e+03, 4.21245667e+02,
    1.07550598e+03, 4.24636475e+02, 1.10876379e+03, 4.28388947e+02,
    1.14316199e+03, 4.32035187e+02, 1.00795532e+03, 4.51740204e+02,
    1.03936121e+03, 4.55585388e+02, 1.07148450e+03, 4.59606140e+02,
    1.10479395e+03, 4.63628143e+02, 1.13889990e+03, 4.67682281e+02,
    1.00434985e+03, 4.85710419e+02, 1.03561353e+03, 4.90038757e+02,
    1.06786194e+03, 4.94304230e+02, 1.10087744e+03, 4.98768311e+02,
    1.13470898e+03, 5.03318787e+02, 1.00092029e+03, 5.19325562e+02,
    1.03215698e+03, 5.24033508e+02, 1.06414160e+03, 5.28775513e+02,
    1.09678064e+03, 5.33661621e+02, 1.13075562e+03, 5.38733459e+02,
    9.97316528e+02, 5.52727295e+02, 1.02830298e+03, 5.57857788e+02,
    1.06019470e+03, 5.63058777e+02, 1.09288501e+03, 5.68411377e+02,
    1.12656812e+03, 5.73912170e+02 ]
