%YAML:1.0
---
points: [ 1.13546191e+03, 3.58101837e+02, 1.16932446e+03, 3.60701996e+02,
    1.20427429e+03, 3.63505127e+02, 1.24048926e+03, 3.66354706e+02,
    1.27846936e+03, 3.69454346e+02, 1.13095923e+03, 3.94503265e+02,
    1.16444641e+03, 3.97789581e+02, 1.19915625e+03, 4.01369598e+02,
    1.23522852e+03, 4.04727173e+02, 1.27274695e+03, 4.08488922e+02,
    1.12636145e+03, 4.30422028e+02, 1.15951538e+03, 4.34416138e+02,
    1.19393030e+03, 4.38567352e+02, 1.22965295e+03, 4.42771332e+02,
    1.26702063e+03, 4.47024231e+02, 1.12193359e+03, 4.66152222e+02,
    1.15471265e+03, 4.70726074e+02, 1.18908911e+03, 4.75574188e+02,
    1.22450195e+03, 4.80342987e+02, 1.26148792e+03, 4.85445587e+02,
    1.11734363e+03, 5.01704437e+02, 1.15005383e+03, 5.06790100e+02,
    1.18430859e+03, 5.12272949e+02, 1.21949304e+03, 5.17703735e+02,
    1.25629456e+03, 5.23471680e+02, 1.11294653e+03, 5.36714539e+02,
    1.14543958e+03, 5.42642151e+02, 1.17951013e+03, 5.48656555e+02,
    1.21453491e+03, 5.54704590e+02, 1.25114722e+03, 5.61034180e+02,
    1.10849438e+03, 5.71644226e+02, 1.14087671e+03, 5.78198547e+02,
    1.17457568e+03, 5.84707642e+02, 1.20961597e+03, 5.91513489e+02,
    1.24574060e+03, 5.98367737e+02 ]
