%YAML:1.0
---
points: [ 3.02408295e+02, 1.61991653e+02, 2.92717651e+02, 1.70414551e+02,
    2.83383118e+02, 1.78701752e+02, 2.74292603e+02, 1.86629684e+02,
    2.65455780e+02, 1.94349609e+02, 2.93616760e+02, 1.52272598e+02,
    2.84079437e+02, 1.60948685e+02, 2.74804077e+02, 1.69303497e+02,
    2.65803131e+02, 1.77439758e+02, 2.57057098e+02, 1.85298569e+02,
    2.84788544e+02, 1.42620529e+02, 2.75314026e+02, 1.51430573e+02,
    2.66184814e+02, 1.59929947e+02, 2.57253143e+02, 1.68176132e+02,
    2.48613983e+02, 1.76245941e+02, 2.75884705e+02, 1.32793396e+02,
    2.66494385e+02, 1.41802872e+02, 2.57486084e+02, 1.50473190e+02,
    2.48682434e+02, 1.58907730e+02, 2.40118546e+02, 1.67082611e+02,
    2.67006714e+02, 1.22968239e+02, 2.57719849e+02, 1.32137146e+02,
    2.48775528e+02, 1.40953293e+02, 2.40066040e+02, 1.49488327e+02,
    2.31563049e+02, 1.57855972e+02, 2.58047577e+02, 1.13019882e+02,
    2.48858017e+02, 1.22306046e+02, 2.39960846e+02, 1.31314407e+02,
    2.31335968e+02, 1.40037659e+02, 2.22944702e+02, 1.48556061e+02,
    2.49002960e+02, 1.02930061e+02, 2.39892197e+02, 1.12370720e+02,
    2.31107086e+02, 1.21574234e+02, 2.22520386e+02, 1.30442947e+02,
    2.14246475e+02, 1.39168549e+02 ]
