%YAML:1.0
---
points: [ 3.23980286e+02, 1.47706451e+02, 3.36078735e+02, 1.48582916e+02,
    3.48595001e+02, 1.49474182e+02, 3.61594910e+02, 1.50467484e+02,
    3.75158661e+02, 1.51377197e+02, 3.22277771e+02, 1.60304718e+02,
    3.34307465e+02, 1.61389603e+02, 3.46720673e+02, 1.62554947e+02,
    3.59634918e+02, 1.63700531e+02, 3.73141296e+02, 1.64893143e+02,
    3.20602142e+02, 1.72760056e+02, 3.32492279e+02, 1.74052216e+02,
    3.44833771e+02, 1.75414764e+02, 3.57727692e+02, 1.76801788e+02,
    3.71066986e+02, 1.78289062e+02, 3.18960754e+02, 1.85058075e+02,
    3.30779724e+02, 1.86574188e+02, 3.43061493e+02, 1.88177475e+02,
    3.55795837e+02, 1.89847855e+02, 3.69116791e+02, 1.91544479e+02,
    3.17327637e+02, 1.97271881e+02, 3.29083954e+02, 1.99037521e+02,
    3.41266418e+02, 2.00869644e+02, 3.53964203e+02, 2.02721634e+02,
    3.67171753e+02, 2.04704086e+02, 3.15741913e+02, 2.09341858e+02,
    3.27358307e+02, 2.11376114e+02, 3.39520050e+02, 2.13395386e+02,
    3.52178711e+02, 2.15432190e+02, 3.65274414e+02, 2.17708511e+02,
    3.14152435e+02, 2.21396652e+02, 3.25734833e+02, 2.23618622e+02,
    3.37831451e+02, 2.25906677e+02, 3.50341400e+02, 2.28243454e+02,
    3.63371857e+02, 2.30652161e+02 ]
