%YAML:1.0
---
points: [ 1.00482855e+03, 5.56265503e+02, 1.03971533e+03, 5.66900940e+02,
    1.07433643e+03, 5.77553772e+02, 1.10862476e+03, 5.88253174e+02,
    1.14314526e+03, 5.98710266e+02, 9.94149597e+02, 5.91418396e+02,
    1.02906433e+03, 6.02103394e+02, 1.06367578e+03, 6.12724731e+02,
    1.09811584e+03, 6.23323059e+02, 1.13270935e+03, 6.33823303e+02,
    9.83434509e+02, 6.26494995e+02, 1.01842261e+03, 6.37174500e+02,
    1.05306287e+03, 6.47682434e+02, 1.08759351e+03, 6.58268616e+02,
    1.12225354e+03, 6.68845825e+02, 9.72700256e+02, 6.61533386e+02,
    1.00778058e+03, 6.72219543e+02, 1.04255530e+03, 6.82823181e+02,
    1.07720361e+03, 6.93280212e+02, 1.11192200e+03, 7.03816833e+02,
    9.61913635e+02, 6.96745178e+02, 9.97080750e+02, 7.07503479e+02,
    1.03170007e+03, 7.18086243e+02, 1.06656934e+03, 7.28412354e+02,
    1.10124841e+03, 7.39017151e+02, 9.51046753e+02, 7.32183777e+02,
    9.86199463e+02, 7.42967590e+02, 1.02107458e+03, 7.53307983e+02,
    1.05575659e+03, 7.63741516e+02, 1.09064490e+03, 7.74255554e+02,
    9.40187195e+02, 7.67717529e+02, 9.75441345e+02, 7.78504456e+02,
    1.01025946e+03, 7.88899231e+02, 1.04513611e+03, 7.99248413e+02,
    1.08004846e+03, 8.09654297e+02 ]
