%YAML:1.0
---
points: [ 2.24733673e+02, 1.40693741e+02, 2.35658447e+02, 1.41583115e+02,
    2.46728485e+02, 1.42522888e+02, 2.58102173e+02, 1.43403122e+02,
    2.69704803e+02, 1.44337296e+02, 2.23698929e+02, 1.52618011e+02,
    2.34583954e+02, 1.53633163e+02, 2.45540100e+02, 1.54662857e+02,
    2.56801056e+02, 1.55684479e+02, 2.68363586e+02, 1.56724503e+02,
    2.22644852e+02, 1.64413116e+02, 2.33384491e+02, 1.65525589e+02,
    2.44366714e+02, 1.66674240e+02, 2.55558578e+02, 1.67807495e+02,
    2.67051331e+02, 1.69062836e+02, 2.21548584e+02, 1.76088303e+02,
    2.32254135e+02, 1.77355759e+02, 2.43205475e+02, 1.78615707e+02,
    2.54362732e+02, 1.79956772e+02, 2.65745758e+02, 1.81182495e+02,
    2.20557724e+02, 1.87692581e+02, 2.31165039e+02, 1.89065750e+02,
    2.42005325e+02, 1.90404816e+02, 2.53192734e+02, 1.91816437e+02,
    2.64526733e+02, 1.93283508e+02, 2.19500183e+02, 1.99225952e+02,
    2.30064880e+02, 2.00706665e+02, 2.40878693e+02, 2.02192230e+02,
    2.51963547e+02, 2.03684158e+02, 2.63310699e+02, 2.05266373e+02,
    2.18490372e+02, 2.10687012e+02, 2.29028656e+02, 2.12254013e+02,
    2.39732849e+02, 2.13912094e+02, 2.50787170e+02, 2.15448090e+02,
    2.62127167e+02, 2.17176666e+02 ]
