%YAML:1.0
---
points: [ 3.38813873e+02, 1.32958282e+02, 3.27893219e+02, 1.42069473e+02,
    3.17404419e+02, 1.50832993e+02, 3.07358521e+02, 1.59207825e+02,
    2.97733582e+02, 1.67215363e+02, 3.29490967e+02, 1.22234215e+02,
    3.18742676e+02, 1.31649963e+02, 3.08393494e+02, 1.40620392e+02,
    2.98533081e+02, 1.49259842e+02, 2.89030945e+02, 1.57423630e+02,
    3.20152985e+02, 1.11581116e+02, 3.09507202e+02, 1.21184113e+02,
    2.99333679e+02, 1.30384415e+02, 2.89584534e+02, 1.39210999e+02,
    2.80299072e+02, 1.47659286e+02, 3.10645111e+02, 1.00768867e+02,
    3.00258026e+02, 1.10627434e+02, 2.90227692e+02, 1.20064171e+02,
    2.80707916e+02, 1.29143311e+02, 2.71487610e+02, 1.37768616e+02,
    3.01239655e+02, 8.98785629e+01, 2.90914948e+02, 1.00008415e+02,
    2.81164764e+02, 1.09685997e+02, 2.71718536e+02, 1.18940674e+02,
    2.62696411e+02, 1.27891121e+02, 2.91716858e+02, 7.88688583e+01,
    2.81618561e+02, 8.92341003e+01, 2.71962433e+02, 9.91467819e+01,
    2.62677795e+02, 1.08655441e+02, 2.53775055e+02, 1.17812576e+02,
    2.82135620e+02, 6.77432632e+01, 2.72185822e+02, 7.83567352e+01,
    2.62635132e+02, 8.84914398e+01, 2.53473907e+02, 9.82612534e+01,
    2.44775101e+02, 1.07626106e+02 ]
