%YAML:1.0
---
points: [ 8.51057007e+02, 3.36617065e+02, 8.82029968e+02, 3.39359375e+02,
    9.13597900e+02, 3.41922485e+02, 9.45881104e+02, 3.44680267e+02,
    9.79120667e+02, 3.47530792e+02, 8.48165283e+02, 3.71369415e+02,
    8.78982849e+02, 3.74387909e+02, 9.10465088e+02, 3.77305054e+02,
    9.42556641e+02, 3.80520752e+02, 9.75402344e+02, 3.83474823e+02,
    8.44926819e+02, 4.05552521e+02, 8.75699707e+02, 4.08783600e+02,
    9.06959900e+02, 4.12262482e+02, 9.38946045e+02, 4.15597198e+02,
    9.71606750e+02, 4.19133972e+02, 8.42211426e+02, 4.39492065e+02,
    8.72589111e+02, 4.43263580e+02, 9.03658936e+02, 4.46792480e+02,
    9.35555481e+02, 4.50574066e+02, 9.68276062e+02, 4.54526947e+02,
    8.39152832e+02, 4.73206360e+02, 8.69530090e+02, 4.77277832e+02,
    9.00684631e+02, 4.81380249e+02, 9.32329407e+02, 4.85532959e+02,
    9.64722900e+02, 4.89650177e+02, 8.36351013e+02, 5.06838776e+02,
    8.66411926e+02, 5.11228516e+02, 8.97466858e+02, 5.15495422e+02,
    9.29131775e+02, 5.19804565e+02, 9.61435547e+02, 5.24494141e+02,
    8.33322510e+02, 5.40101013e+02, 8.63488892e+02, 5.44906616e+02,
    8.94322510e+02, 5.49617676e+02, 9.25795654e+02, 5.54420471e+02,
    9.58095825e+02, 5.59324463e+02 ]
