%YAML:1.0
---
points: [ 1.29183301e+03, 6.33355774e+02, 1.33138647e+03, 6.45072083e+02,
    1.37070276e+03, 6.56578308e+02, 1.41062817e+03, 6.68543701e+02,
    1.45115222e+03, 6.80531189e+02, 1.28115784e+03, 6.71000183e+02,
    1.32047620e+03, 6.82900269e+02, 1.35984204e+03, 6.94811218e+02,
    1.39985706e+03, 7.07125366e+02, 1.44040540e+03, 7.19311462e+02,
    1.27045386e+03, 7.08665649e+02, 1.30978210e+03, 7.20857361e+02,
    1.34920923e+03, 7.33281372e+02, 1.38929419e+03, 7.45560303e+02,
    1.42975598e+03, 7.58156921e+02, 1.25962317e+03, 7.46504089e+02,
    1.29898303e+03, 7.59124390e+02, 1.33852637e+03, 7.71530762e+02,
    1.37846326e+03, 7.84217102e+02, 1.41912585e+03, 7.97015442e+02,
    1.24875610e+03, 7.84581360e+02, 1.28826636e+03, 7.97302734e+02,
    1.32759436e+03, 8.10056091e+02, 1.36762207e+03, 8.22895386e+02,
    1.40796472e+03, 8.35925171e+02, 1.23796887e+03, 8.22669250e+02,
    1.27734778e+03, 8.35659119e+02, 1.31671448e+03, 8.48604370e+02,
    1.35657837e+03, 8.61662781e+02, 1.39704065e+03, 8.74903076e+02,
    1.22707019e+03, 8.61019348e+02, 1.26639954e+03, 8.74378906e+02,
    1.30591956e+03, 8.87428650e+02, 1.34561646e+03, 9.00706055e+02,
    1.38622437e+03, 9.14268066e+02 ]
