%YAML:1.0
---
points: [ 9.32895020e+02, 3.41713593e+02, 9.64313782e+02, 3.44448547e+02,
    9.96356567e+02, 3.46995850e+02, 1.02928772e+03, 3.49741272e+02,
    1.06344006e+03, 3.52624084e+02, 9.29381348e+02, 3.77209167e+02,
    9.60460754e+02, 3.80362640e+02, 9.92388611e+02, 3.83317444e+02,
    1.02527356e+03, 3.86585968e+02, 1.05917224e+03, 3.89898987e+02,
    9.25861816e+02, 4.12233154e+02, 9.56710999e+02, 4.15675690e+02,
    9.88529358e+02, 4.19268219e+02, 1.02127881e+03, 4.23132111e+02,
    1.05469727e+03, 4.26822144e+02, 9.22564453e+02, 4.46811768e+02,
    9.53219666e+02, 4.50798187e+02, 9.84730347e+02, 4.54930695e+02,
    1.01724896e+03, 4.59176788e+02, 1.05052002e+03, 4.63423401e+02,
    9.18926331e+02, 4.81392609e+02, 9.49447510e+02, 4.85891327e+02,
    9.80846375e+02, 4.90490906e+02, 1.01327209e+03, 4.95097229e+02,
    1.04665100e+03, 4.99770569e+02, 9.15709839e+02, 5.15619202e+02,
    9.45941528e+02, 5.20551819e+02, 9.77350403e+02, 5.25503357e+02,
    1.00966229e+03, 5.30514954e+02, 1.04288245e+03, 5.35815125e+02,
    9.12207886e+02, 5.49826904e+02, 9.42510071e+02, 5.55157104e+02,
    9.73666321e+02, 5.60522095e+02, 1.00578674e+03, 5.66130859e+02,
    1.03867419e+03, 5.71680908e+02 ]
