%YAML:1.0
---
points: [ 2.53485046e+02, 1.42420822e+02, 2.64483734e+02, 1.43219559e+02,
    2.75826355e+02, 1.44151276e+02, 2.87498077e+02, 1.44944687e+02,
    2.99588287e+02, 1.45920822e+02, 2.52192245e+02, 1.54602661e+02,
    2.63168304e+02, 1.55607391e+02, 2.74416107e+02, 1.56675446e+02,
    2.86008728e+02, 1.57737274e+02, 2.98047974e+02, 1.58813446e+02,
    2.50869919e+02, 1.66662079e+02, 2.61794983e+02, 1.67818970e+02,
    2.72975708e+02, 1.69076401e+02, 2.84497772e+02, 1.70321213e+02,
    2.96364105e+02, 1.71578827e+02, 2.49711609e+02, 1.78600403e+02,
    2.60506439e+02, 1.79960602e+02, 2.71646606e+02, 1.81291489e+02,
    2.83109192e+02, 1.82707291e+02, 2.94951599e+02, 1.84191162e+02,
    2.48473541e+02, 1.90427689e+02, 2.59190765e+02, 1.91954269e+02,
    2.70271698e+02, 1.93450043e+02, 2.81693237e+02, 1.95091949e+02,
    2.93433411e+02, 1.96708862e+02, 2.47249863e+02, 2.02217194e+02,
    2.57877991e+02, 2.03966309e+02, 2.68977783e+02, 2.05600342e+02,
    2.80338684e+02, 2.07311096e+02, 2.92114014e+02, 2.09110657e+02,
    2.45961563e+02, 2.13987991e+02, 2.56644501e+02, 2.15713684e+02,
    2.67658417e+02, 2.17546158e+02, 2.78982666e+02, 2.19473312e+02,
    2.90619110e+02, 2.21427490e+02 ]
