%YAML:1.0
---
points: [ 1.34728674e+03, 4.86595795e+02, 1.31230042e+03, 5.06452057e+02,
    1.27773193e+03, 5.26170349e+02, 1.24341602e+03, 5.45563599e+02,
    1.20909119e+03, 5.65018677e+02, 1.32696240e+03, 4.52634247e+02,
    1.29224634e+03, 4.72619537e+02, 1.25766492e+03, 4.92286041e+02,
    1.22363965e+03, 5.11785553e+02, 1.18924597e+03, 5.31349304e+02,
    1.30702197e+03, 4.18830597e+02, 1.27227380e+03, 4.38742065e+02,
    1.23786072e+03, 4.58549774e+02, 1.20379163e+03, 4.78219513e+02,
    1.16961572e+03, 4.97791656e+02, 1.28703699e+03, 3.84980621e+02,
    1.25240173e+03, 4.05073303e+02, 1.21793640e+03, 4.24926941e+02,
    1.18412073e+03, 4.44587891e+02, 1.15006018e+03, 4.64366364e+02,
    1.26706689e+03, 3.51400238e+02, 1.23242822e+03, 3.71538635e+02,
    1.19833142e+03, 3.91473785e+02, 1.16445154e+03, 4.11275665e+02,
    1.13056995e+03, 4.31013123e+02, 1.24696008e+03, 3.17781433e+02,
    1.21258459e+03, 3.38060699e+02, 1.17855420e+03, 3.57969116e+02,
    1.14475317e+03, 3.78000519e+02, 1.11107117e+03, 3.97800873e+02,
    1.22717322e+03, 2.84156067e+02, 1.19265979e+03, 3.04552429e+02,
    1.15879236e+03, 3.24581055e+02, 1.12513440e+03, 3.44515167e+02,
    1.09151343e+03, 3.64491425e+02 ]
