%YAML:1.0
---
points: [ 3.68170563e+02, 1.11941292e+02, 3.56075409e+02, 1.21684250e+02,
    3.44401550e+02, 1.31019073e+02, 3.33399567e+02, 1.39841049e+02,
    3.22914825e+02, 1.48260254e+02, 3.58323181e+02, 1.00274612e+02,
    3.46393921e+02, 1.10378822e+02, 3.35018890e+02, 1.19995087e+02,
    3.24180542e+02, 1.29200851e+02, 3.13908142e+02, 1.37810547e+02,
    3.48405304e+02, 8.87124023e+01, 3.36718445e+02, 9.90822906e+01,
    3.25506500e+02, 1.09011833e+02, 3.14909576e+02, 1.18395309e+02,
    3.04822449e+02, 1.27366104e+02, 3.38373199e+02, 7.69970932e+01,
    3.26955078e+02, 8.76606598e+01, 3.16026825e+02, 9.78523026e+01,
    3.05571411e+02, 1.07573792e+02, 2.95667358e+02, 1.16813461e+02,
    3.28386993e+02, 6.50591431e+01, 3.17128479e+02, 7.61448975e+01,
    3.06386078e+02, 8.66062698e+01, 2.96194672e+02, 9.66251297e+01,
    2.86498138e+02, 1.06217476e+02, 3.18340912e+02, 5.32230263e+01,
    3.07282166e+02, 6.44870682e+01, 2.96790466e+02, 7.52810211e+01,
    2.86783417e+02, 8.56166229e+01, 2.77278198e+02, 9.54827576e+01,
    3.08177338e+02, 4.10889778e+01, 2.97320984e+02, 5.28011017e+01,
    2.87091949e+02, 6.37998276e+01, 2.77216370e+02, 7.44621735e+01,
    2.67947906e+02, 8.46088486e+01 ]
