%YAML:1.0
---
points: [ 3.66633606e+02, 1.18789597e+02, 3.53829651e+02, 1.29097885e+02,
    3.41585022e+02, 1.39011703e+02, 3.29968628e+02, 1.48384674e+02,
    3.18858276e+02, 1.57284241e+02, 3.56289307e+02, 1.06587990e+02,
    3.43727722e+02, 1.17342896e+02, 3.31709381e+02, 1.27506119e+02,
    3.20262482e+02, 1.37222855e+02, 3.09315125e+02, 1.46369781e+02,
    3.45919342e+02, 9.45181656e+01, 3.33502594e+02, 1.05469177e+02,
    3.21731354e+02, 1.15994507e+02, 3.10402924e+02, 1.25969353e+02,
    2.99734741e+02, 1.35449982e+02, 3.35397003e+02, 8.22581940e+01,
    3.23284119e+02, 9.35823593e+01, 3.11648346e+02, 1.04328934e+02,
    3.00637817e+02, 1.14633369e+02, 2.90142792e+02, 1.24418808e+02,
    3.24909271e+02, 6.99101181e+01, 3.12972443e+02, 8.14730682e+01,
    3.01572815e+02, 9.26474075e+01, 2.90757904e+02, 1.03191177e+02,
    2.80401642e+02, 1.13314934e+02, 3.14320160e+02, 5.74456902e+01,
    3.02662018e+02, 6.93872223e+01, 2.91422455e+02, 8.07428055e+01,
    2.80826538e+02, 9.16732407e+01, 2.70676727e+02, 1.02082184e+02,
    3.03656097e+02, 4.48070145e+01, 2.92121155e+02, 5.71356277e+01,
    2.81197540e+02, 6.88041306e+01, 2.70732544e+02, 7.99908295e+01,
    2.60828644e+02, 9.07147827e+01 ]
