%YAML:1.0
---
points: [ 1.34727454e+03, 4.89268921e+02, 1.31222083e+03, 5.08964966e+02,
    1.27770349e+03, 5.28641785e+02, 1.24340735e+03, 5.48308044e+02,
    1.20890234e+03, 5.67876099e+02, 1.32702808e+03, 4.54980560e+02,
    1.29228870e+03, 4.74817352e+02, 1.25763208e+03, 4.94667969e+02,
    1.22360242e+03, 5.14274902e+02, 1.18918030e+03, 5.33910767e+02,
    1.30721899e+03, 4.20934753e+02, 1.27224109e+03, 4.41042419e+02,
    1.23783691e+03, 4.60766296e+02, 1.20368604e+03, 4.80572083e+02,
    1.16962354e+03, 5.00413788e+02, 1.28701331e+03, 3.87030975e+02,
    1.25237024e+03, 4.07145081e+02, 1.21809314e+03, 4.27040161e+02,
    1.18421558e+03, 4.46770813e+02, 1.14995496e+03, 4.66679657e+02,
    1.26707349e+03, 3.53289276e+02, 1.23248987e+03, 3.73576385e+02,
    1.19842505e+03, 3.93517456e+02, 1.16450085e+03, 4.13521057e+02,
    1.13054980e+03, 4.33246246e+02, 1.24683167e+03, 3.19773132e+02,
    1.21265356e+03, 3.40005890e+02, 1.17850244e+03, 3.60036255e+02,
    1.14482764e+03, 3.79901428e+02, 1.11101099e+03, 3.99885468e+02,
    1.22717249e+03, 2.85989288e+02, 1.19274915e+03, 3.06415924e+02,
    1.15890015e+03, 3.26515015e+02, 1.12519958e+03, 3.46618347e+02,
    1.09160547e+03, 3.66639343e+02 ]
