%YAML:1.0
---
points: [ 3.02573090e+02, 1.47924942e+02, 3.14259277e+02, 1.48809006e+02,
    3.26398804e+02, 1.49806900e+02, 3.39107422e+02, 1.50741150e+02,
    3.52339874e+02, 1.51801910e+02, 3.00831360e+02, 1.60725327e+02,
    3.12409119e+02, 1.61898636e+02, 3.24453400e+02, 1.63127640e+02,
    3.37065643e+02, 1.64394226e+02, 3.50233002e+02, 1.65684845e+02,
    2.99126190e+02, 1.73377106e+02, 3.10563873e+02, 1.74811737e+02,
    3.22599487e+02, 1.76296585e+02, 3.35041260e+02, 1.77771317e+02,
    3.48097229e+02, 1.79331787e+02, 2.97464630e+02, 1.85870956e+02,
    3.08818451e+02, 1.87562851e+02, 3.20689270e+02, 1.89268677e+02,
    3.33129974e+02, 1.91096786e+02, 3.46065918e+02, 1.92913223e+02,
    2.95786469e+02, 1.98318832e+02, 3.07134247e+02, 2.00194565e+02,
    3.18937958e+02, 2.02249863e+02, 3.31233429e+02, 2.04226196e+02,
    3.44084717e+02, 2.06316528e+02, 2.94197937e+02, 2.10638428e+02,
    3.05353119e+02, 2.12866516e+02, 3.17178925e+02, 2.15001160e+02,
    3.29412292e+02, 2.17286743e+02, 3.42207855e+02, 2.19668213e+02,
    2.92548187e+02, 2.23003860e+02, 3.03706726e+02, 2.25288666e+02,
    3.15395721e+02, 2.27769424e+02, 3.27516052e+02, 2.30286148e+02,
    3.40271332e+02, 2.32980301e+02 ]
