%YAML:1.0
---
points: [ 1.07237463e+03, 3.58391907e+02, 1.10509021e+03, 3.61243683e+02,
    1.13873706e+03, 3.64198608e+02, 1.17414221e+03, 3.67180054e+02,
    1.21090063e+03, 3.70385284e+02, 1.06776782e+03, 3.95545410e+02,
    1.10013391e+03, 3.98871521e+02, 1.13352869e+03, 4.02681183e+02,
    1.16853345e+03, 4.06535339e+02, 1.20517737e+03, 4.10449615e+02,
    1.06296924e+03, 4.32181610e+02, 1.09503027e+03, 4.36325409e+02,
    1.12835229e+03, 4.40596222e+02, 1.16319714e+03, 4.45292328e+02,
    1.19935278e+03, 4.49962891e+02, 1.05849280e+03, 4.68493103e+02,
    1.09026965e+03, 4.73339417e+02, 1.12320642e+03, 4.78383698e+02,
    1.15778650e+03, 4.83633026e+02, 1.19363708e+03, 4.89244110e+02,
    1.05380542e+03, 5.04464874e+02, 1.08542712e+03, 5.10168091e+02,
    1.11826013e+03, 5.15960022e+02, 1.15263049e+03, 5.21977356e+02,
    1.18832458e+03, 5.28223999e+02, 1.04931812e+03, 5.40424194e+02,
    1.08060510e+03, 5.46605835e+02, 1.11341870e+03, 5.53090515e+02,
    1.14760767e+03, 5.59804077e+02, 1.18315393e+03, 5.66624207e+02,
    1.04463965e+03, 5.76046265e+02, 1.07583691e+03, 5.82875549e+02,
    1.10841016e+03, 5.90132812e+02, 1.14244385e+03, 5.97447571e+02,
    1.17756055e+03, 6.04962708e+02 ]
