%YAML:1.0
---
points: [ 3.34037109e+02, 1.47189041e+02, 3.22168152e+02, 1.57252960e+02,
    3.10713013e+02, 1.67005219e+02, 2.99714844e+02, 1.76357864e+02,
    2.89149811e+02, 1.85360306e+02, 3.23753601e+02, 1.35657166e+02,
    3.12079956e+02, 1.46073715e+02, 3.00757385e+02, 1.56003723e+02,
    2.89993286e+02, 1.65588394e+02, 2.79443420e+02, 1.74778214e+02,
    3.13458374e+02, 1.24216438e+02, 3.01904663e+02, 1.34776199e+02,
    2.90777222e+02, 1.44986572e+02, 2.80069916e+02, 1.54724899e+02,
    2.69760437e+02, 1.64180161e+02, 3.03114197e+02, 1.12522148e+02,
    2.91680511e+02, 1.23412727e+02, 2.80700195e+02, 1.33810196e+02,
    2.70214294e+02, 1.43838943e+02, 2.60020020e+02, 1.53471817e+02,
    2.92707550e+02, 1.00844696e+02, 2.81436646e+02, 1.11918594e+02,
    2.70642456e+02, 1.22612900e+02, 2.60187714e+02, 1.32817932e+02,
    2.50157272e+02, 1.42740280e+02, 2.82228851e+02, 8.89647446e+01,
    2.71153229e+02, 1.00339897e+02, 2.60464630e+02, 1.11206116e+02,
    2.50213211e+02, 1.21725533e+02, 2.40244263e+02, 1.31847153e+02,
    2.71661682e+02, 7.70441589e+01, 2.60692535e+02, 8.85940781e+01,
    2.50170731e+02, 9.97313461e+01, 2.40046463e+02, 1.10422699e+02,
    2.30227768e+02, 1.20843246e+02 ]
