%YAML:1.0
---
points: [ 5.33160950e+02, 3.14394409e+02, 5.68795349e+02, 3.17611176e+02,
    6.05091614e+02, 3.20773529e+02, 6.41789490e+02, 3.24200043e+02,
    6.79315735e+02, 3.27570496e+02, 5.31164429e+02, 3.54717926e+02,
    5.66568054e+02, 3.58162140e+02, 6.02652954e+02, 3.61612915e+02,
    6.39248291e+02, 3.65252167e+02, 6.76454102e+02, 3.68712524e+02,
    5.28902466e+02, 3.94437561e+02, 5.64435852e+02, 3.98207214e+02,
    6.00386414e+02, 4.02001495e+02, 6.36703308e+02, 4.05748077e+02,
    6.73602783e+02, 4.09433044e+02, 5.27192993e+02, 4.33907257e+02,
    5.62214233e+02, 4.37886932e+02, 5.97839172e+02, 4.41825958e+02,
    6.34236023e+02, 4.45834869e+02, 6.70830933e+02, 4.49970184e+02,
    5.25098938e+02, 4.73070190e+02, 5.60026123e+02, 4.77351837e+02,
    5.95625854e+02, 4.81618164e+02, 6.31898865e+02, 4.85972992e+02,
    6.68576538e+02, 4.90355469e+02, 5.23118835e+02, 5.12110840e+02,
    5.57908264e+02, 5.16575500e+02, 5.93525513e+02, 5.20887268e+02,
    6.29566040e+02, 5.25367676e+02, 6.66160706e+02, 5.29858521e+02,
    5.21184448e+02, 5.50582275e+02, 5.55641296e+02, 5.55319153e+02,
    5.91214600e+02, 5.60145081e+02, 6.27259033e+02, 5.64819702e+02,
    6.63615906e+02, 5.69712219e+02 ]
