%YAML:1.0
---
points: [ 1.08913745e+03, 6.46389832e+02, 1.05626013e+03, 6.66866699e+02,
    1.02296588e+03, 6.87626343e+02, 9.89148804e+02, 7.08658813e+02,
    9.54263977e+02, 7.30262207e+02, 1.06890466e+03, 6.11929382e+02,
    1.03601440e+03, 6.32098511e+02, 1.00254620e+03, 6.52454163e+02,
    9.68592285e+02, 6.73207275e+02, 9.33562256e+02, 6.94457336e+02,
    1.04890845e+03, 5.77646179e+02, 1.01587048e+03, 5.97478210e+02,
    9.82275391e+02, 6.17536743e+02, 9.48139404e+02, 6.37888672e+02,
    9.13045532e+02, 6.58805054e+02, 1.02900037e+03, 5.43405823e+02,
    9.95625122e+02, 5.62821838e+02, 9.61930847e+02, 5.82603394e+02,
    9.27638977e+02, 6.02632812e+02, 8.92366882e+02, 6.23347961e+02,
    1.00892865e+03, 5.09398071e+02, 9.75528198e+02, 5.28506714e+02,
    9.41697876e+02, 5.47877686e+02, 9.07273071e+02, 5.67699097e+02,
    8.72002930e+02, 5.88025146e+02, 9.88888733e+02, 4.75483154e+02,
    9.55445190e+02, 4.94372284e+02, 9.21464111e+02, 5.13367859e+02,
    8.86917236e+02, 5.32704285e+02, 8.51470215e+02, 5.52695801e+02,
    9.68928040e+02, 4.41472748e+02, 9.35328674e+02, 4.59898804e+02,
    9.01210266e+02, 4.78639954e+02, 8.66520325e+02, 4.97770020e+02,
    8.30835815e+02, 5.17359009e+02 ]
