%YAML:1.0
---
points: [ 1.18394783e+02, 1.33106171e+02, 1.30759689e+02, 1.34073624e+02,
    1.43526260e+02, 1.35196548e+02, 1.56316895e+02, 1.36338196e+02,
    1.69486450e+02, 1.37504700e+02, 1.17624138e+02, 1.46836212e+02,
    1.29913513e+02, 1.48089981e+02, 1.42604309e+02, 1.49263153e+02,
    1.55487991e+02, 1.50478897e+02, 1.68470200e+02, 1.51724640e+02,
    1.16762169e+02, 1.60656296e+02, 1.29107193e+02, 1.61824265e+02,
    1.41681580e+02, 1.63172714e+02, 1.54441589e+02, 1.64482788e+02,
    1.68631943e+02, 1.65205811e+02, 1.16042168e+02, 1.74163406e+02,
    1.28316193e+02, 1.75543869e+02, 1.40813400e+02, 1.76925003e+02,
    1.53542938e+02, 1.78314056e+02, 1.66472900e+02, 1.79745636e+02,
    1.15336609e+02, 1.87716644e+02, 1.27519089e+02, 1.89158859e+02,
    1.39997360e+02, 1.90589127e+02, 1.52655518e+02, 1.92036118e+02,
    1.65582657e+02, 1.93556396e+02, 1.14599518e+02, 2.01119720e+02,
    1.26688934e+02, 2.02643677e+02, 1.39234573e+02, 2.04121643e+02,
    1.51812515e+02, 2.05730515e+02, 1.64695129e+02, 2.07255203e+02,
    1.13772003e+02, 2.14399063e+02, 1.25869530e+02, 2.16036606e+02,
    1.38350769e+02, 2.17696548e+02, 1.50920731e+02, 2.19280228e+02,
    1.63682541e+02, 2.20962479e+02 ]
