%YAML:1.0
---
points: [ 1.22830994e+03, 5.81667542e+02, 1.19192310e+03, 6.03288757e+02,
    1.15561548e+03, 6.24692993e+02, 1.11903467e+03, 6.46403870e+02,
    1.08177173e+03, 6.68098022e+02, 1.20653357e+03, 5.44675659e+02,
    1.17016870e+03, 5.65929871e+02, 1.13380164e+03, 5.87342957e+02,
    1.09731592e+03, 6.08686951e+02, 1.06008020e+03, 6.30527893e+02,
    1.18506030e+03, 5.07639374e+02, 1.14862000e+03, 5.28851074e+02,
    1.11230725e+03, 5.50095947e+02, 1.07559888e+03, 5.71412476e+02,
    1.03840356e+03, 5.93117676e+02, 1.16347583e+03, 4.70839294e+02,
    1.12711292e+03, 4.91829773e+02, 1.09059998e+03, 5.12882385e+02,
    1.05402539e+03, 5.33985107e+02, 1.01677795e+03, 5.55607605e+02,
    1.14195679e+03, 4.34273987e+02, 1.10554395e+03, 4.55114349e+02,
    1.06914563e+03, 4.76033966e+02, 1.03246350e+03, 4.97092957e+02,
    9.95364258e+02, 5.18427734e+02, 1.12030518e+03, 3.97794006e+02,
    1.08408606e+03, 4.18463135e+02, 1.04757654e+03, 4.39278503e+02,
    1.01099695e+03, 4.60077576e+02, 9.73789062e+02, 4.81356445e+02,
    1.09876624e+03, 3.61363129e+02, 1.06248010e+03, 3.81842712e+02,
    1.02608643e+03, 4.02514648e+02, 9.89473755e+02, 4.23219452e+02,
    9.52357239e+02, 4.44289978e+02 ]
