%YAML:1.0
---
points: [ 2.80882141e+02, 1.91244690e+02, 2.70637268e+02, 2.00824463e+02,
    2.60556824e+02, 2.10273499e+02, 2.50628113e+02, 2.19487106e+02,
    2.40809616e+02, 2.28675049e+02, 2.71144531e+02, 1.81005188e+02,
    2.60932678e+02, 1.90689087e+02, 2.50875443e+02, 2.00190170e+02,
    2.41051483e+02, 2.09569351e+02, 2.31196289e+02, 2.18776810e+02,
    2.61361542e+02, 1.70833389e+02, 2.51196991e+02, 1.80509766e+02,
    2.41177200e+02, 1.90157761e+02, 2.31287842e+02, 1.99624466e+02,
    2.21561569e+02, 2.08971252e+02, 2.51359238e+02, 1.60267517e+02,
    2.41365341e+02, 1.70320831e+02, 2.31348755e+02, 1.79975815e+02,
    2.21564957e+02, 1.89539459e+02, 2.11835693e+02, 1.99004959e+02,
    2.41625412e+02, 1.50094971e+02, 2.31401260e+02, 1.60024200e+02,
    2.21529434e+02, 1.69792587e+02, 2.11733597e+02, 1.79411789e+02,
    2.02070724e+02, 1.88977890e+02, 2.31520279e+02, 1.39428864e+02,
    2.21485779e+02, 1.49611877e+02, 2.11599808e+02, 1.59458542e+02,
    2.01855392e+02, 1.69238327e+02, 1.92187744e+02, 1.78864502e+02,
    2.21424423e+02, 1.28814545e+02, 2.11363312e+02, 1.39022751e+02,
    2.01521088e+02, 1.49050369e+02, 1.91803818e+02, 1.58904144e+02,
    1.82166336e+02, 1.68672318e+02 ]
