%YAML:1.0
---
points: [ 1.51589584e+02, 1.37542709e+02, 1.63442825e+02, 1.38633057e+02,
    1.75636719e+02, 1.39744324e+02, 1.88183868e+02, 1.40823868e+02,
    2.00911102e+02, 1.42095184e+02, 1.50442352e+02, 1.51260529e+02,
    1.62358154e+02, 1.52493149e+02, 1.74488632e+02, 1.53817505e+02,
    1.86899780e+02, 1.55125259e+02, 1.99626984e+02, 1.56441162e+02,
    1.49391327e+02, 1.64948318e+02, 1.61205627e+02, 1.66240616e+02,
    1.73298096e+02, 1.67550064e+02, 1.85620834e+02, 1.69160049e+02,
    1.98313889e+02, 1.70598938e+02, 1.48383286e+02, 1.78353683e+02,
    1.60131348e+02, 1.79937119e+02, 1.72188812e+02, 1.81415771e+02,
    1.84423828e+02, 1.83020721e+02, 1.97002167e+02, 1.84599289e+02,
    1.47305496e+02, 1.91768539e+02, 1.59010147e+02, 1.93426544e+02,
    1.71026718e+02, 1.95139389e+02, 1.83294449e+02, 1.96823044e+02,
    1.95766296e+02, 1.98538498e+02, 1.46306885e+02, 2.05121460e+02,
    1.57836227e+02, 2.06917862e+02, 1.69873672e+02, 2.08686295e+02,
    1.82197891e+02, 2.10470337e+02, 1.94658554e+02, 2.12334396e+02,
    1.45245682e+02, 2.18340088e+02, 1.56777451e+02, 2.20258072e+02,
    1.68691269e+02, 2.22209030e+02, 1.80934662e+02, 2.24147293e+02,
    1.93360672e+02, 2.26164993e+02 ]
