%YAML:1.0
---
points: [ 6.29448608e+02, 3.27648560e+02, 6.63381348e+02, 3.30697784e+02,
    6.97735107e+02, 3.34170746e+02, 7.33233398e+02, 3.37461273e+02,
    7.69578369e+02, 3.40754852e+02, 6.26720459e+02, 3.67453644e+02,
    6.60323486e+02, 3.71134796e+02, 6.94643127e+02, 3.74985199e+02,
    7.29744873e+02, 3.78510071e+02, 7.65893616e+02, 3.82392914e+02,
    6.23619202e+02, 4.06941833e+02, 6.57110413e+02, 4.11023956e+02,
    6.91327148e+02, 4.15000122e+02, 7.26302368e+02, 4.19281738e+02,
    7.62065430e+02, 4.23565033e+02, 6.20955139e+02, 4.45975006e+02,
    6.54079773e+02, 4.50548920e+02, 6.87959961e+02, 4.55106262e+02,
    7.22847595e+02, 4.59634003e+02, 7.58510498e+02, 4.64395325e+02,
    6.17904358e+02, 4.85067993e+02, 6.50892700e+02, 4.89779236e+02,
    6.85024658e+02, 4.94754669e+02, 7.19632568e+02, 4.99703125e+02,
    7.55294800e+02, 5.04771667e+02, 6.15223816e+02, 5.23654968e+02,
    6.48053406e+02, 5.28930359e+02, 6.82056458e+02, 5.34221741e+02,
    7.16622864e+02, 5.39499390e+02, 7.52122803e+02, 5.45002075e+02,
    6.12369446e+02, 5.61949768e+02, 6.44935303e+02, 5.67618835e+02,
    6.78735535e+02, 5.73329285e+02, 7.13355652e+02, 5.79125854e+02,
    7.48491760e+02, 5.85081177e+02 ]
