%YAML:1.0
---
points: [ 1.42061475e+03, 5.07484680e+02, 1.37595044e+03, 5.32085754e+02,
    1.33192566e+03, 5.56260376e+02, 1.28851855e+03, 5.80008667e+02,
    1.24530408e+03, 6.03630249e+02, 1.39517944e+03, 4.64839264e+02,
    1.35072974e+03, 4.89597137e+02, 1.30693530e+03, 5.14060242e+02,
    1.26375513e+03, 5.37995422e+02, 1.22072485e+03, 5.61836426e+02,
    1.37007642e+03, 4.22499451e+02, 1.32569666e+03, 4.47504150e+02,
    1.28225476e+03, 4.72088135e+02, 1.23930115e+03, 4.96300995e+02,
    1.19654761e+03, 5.20331726e+02, 1.34495508e+03, 3.80212097e+02,
    1.30082544e+03, 4.05447235e+02, 1.25747876e+03, 4.30246368e+02,
    1.21476465e+03, 4.54588867e+02, 1.17241492e+03, 4.78953613e+02,
    1.31985901e+03, 3.38172028e+02, 1.27606165e+03, 3.63638428e+02,
    1.23290515e+03, 3.88681030e+02, 1.19047974e+03, 4.13337402e+02,
    1.14843835e+03, 4.37780945e+02, 1.29486169e+03, 2.96430176e+02,
    1.25137683e+03, 3.22078552e+02, 1.20856152e+03, 3.47361145e+02,
    1.16637561e+03, 3.72215057e+02, 1.12446130e+03, 3.96857605e+02,
    1.26990784e+03, 2.54541260e+02, 1.22664832e+03, 2.80448639e+02,
    1.18423633e+03, 3.05798981e+02, 1.14218542e+03, 3.30955811e+02,
    1.10051843e+03, 3.55866760e+02 ]
