%YAML:1.0
---
points: [ 7.04044617e+02, 3.37626770e+02, 7.36858398e+02, 3.40595154e+02,
    7.70521362e+02, 3.43966522e+02, 8.05346252e+02, 3.47253723e+02,
    8.41214600e+02, 3.50579559e+02, 7.00804016e+02, 3.77589844e+02,
    7.33369873e+02, 3.81383911e+02, 7.66651184e+02, 3.85127350e+02,
    8.01401978e+02, 3.88743652e+02, 8.37077942e+02, 3.92767639e+02,
    6.97160767e+02, 4.17290924e+02, 7.29479614e+02, 4.21450409e+02,
    7.62952332e+02, 4.25547058e+02, 7.97147156e+02, 4.30027893e+02,
    8.32532654e+02, 4.34487183e+02, 6.93979248e+02, 4.56328003e+02,
    7.25918762e+02, 4.61063629e+02, 7.59138367e+02, 4.65949341e+02,
    7.93171753e+02, 4.70849762e+02, 8.28294434e+02, 4.76002502e+02,
    6.90529114e+02, 4.95494354e+02, 7.22413757e+02, 5.00683502e+02,
    7.55396118e+02, 5.06057495e+02, 7.89541931e+02, 5.11555359e+02,
    8.24435669e+02, 5.17217957e+02, 6.87158936e+02, 5.34164490e+02,
    7.18771851e+02, 5.39823059e+02, 7.51951904e+02, 5.45667603e+02,
    7.85906189e+02, 5.51605469e+02, 8.20834229e+02, 5.57970276e+02,
    6.83838379e+02, 5.72525757e+02, 7.15416321e+02, 5.78918701e+02,
    7.48268066e+02, 5.85429932e+02, 7.81931580e+02, 5.91787598e+02,
    8.16738586e+02, 5.98489929e+02 ]
