%YAML:1.0
---
points: [ 1.77392761e+02, 1.40951553e+02, 1.89088287e+02, 1.41993851e+02,
    2.01006790e+02, 1.43179398e+02, 2.13319824e+02, 1.44318192e+02,
    2.26018082e+02, 1.45444901e+02, 1.76204102e+02, 1.54768967e+02,
    1.87772568e+02, 1.56128387e+02, 1.99656708e+02, 1.57361237e+02,
    2.11851730e+02, 1.58685684e+02, 2.24461899e+02, 1.60010986e+02,
    1.74845581e+02, 1.68273926e+02, 1.86414764e+02, 1.69860321e+02,
    1.98303116e+02, 1.71349686e+02, 2.10419983e+02, 1.72865234e+02,
    2.22941803e+02, 1.74400177e+02, 1.73773666e+02, 1.81892929e+02,
    1.85181778e+02, 1.83570114e+02, 1.96909760e+02, 1.85192825e+02,
    2.09005630e+02, 1.86914505e+02, 2.21445312e+02, 1.88610870e+02,
    1.72518982e+02, 1.95345718e+02, 1.83839554e+02, 1.97145966e+02,
    1.95615616e+02, 1.99016525e+02, 2.07660248e+02, 2.00846252e+02,
    2.20082474e+02, 2.02823151e+02, 1.71333130e+02, 2.08694168e+02,
    1.82611237e+02, 2.10707779e+02, 1.94352402e+02, 2.12679886e+02,
    2.06382401e+02, 2.14702728e+02, 2.18705933e+02, 2.16760468e+02,
    1.70107147e+02, 2.22033463e+02, 1.81311935e+02, 2.24137726e+02,
    1.92936539e+02, 2.26300262e+02, 2.04993805e+02, 2.28444565e+02,
    2.17244751e+02, 2.30791855e+02 ]
