%YAML:1.0
---
points: [ 3.08882660e+02, 1.72714676e+02, 2.97398468e+02, 1.82987976e+02,
    2.86234772e+02, 1.92952774e+02, 2.75356781e+02, 2.02668961e+02,
    2.64768768e+02, 2.12118912e+02, 2.98351624e+02, 1.61370850e+02,
    2.86990112e+02, 1.71885269e+02, 2.75889893e+02, 1.82064651e+02,
    2.65161621e+02, 1.91907120e+02, 2.54698456e+02, 2.01437088e+02,
    2.87743256e+02, 1.50121170e+02, 2.76428558e+02, 1.60678894e+02,
    2.65517212e+02, 1.71041885e+02, 2.54848267e+02, 1.81051315e+02,
    2.44457352e+02, 1.90836533e+02, 2.76996399e+02, 1.38528320e+02,
    2.65859894e+02, 1.49452759e+02, 2.55041336e+02, 1.59972198e+02,
    2.44507233e+02, 1.70175705e+02, 2.34260544e+02, 1.80070145e+02,
    2.66342377e+02, 1.27095619e+02, 2.55229004e+02, 1.38115768e+02,
    2.44538239e+02, 1.48784897e+02, 2.34116196e+02, 1.59189407e+02,
    2.23950806e+02, 1.69312683e+02, 2.55510544e+02, 1.15364067e+02,
    2.44551743e+02, 1.26635284e+02, 2.33957901e+02, 1.37469055e+02,
    2.23640366e+02, 1.48092316e+02, 2.13530487e+02, 1.58359329e+02,
    2.44589478e+02, 1.03590736e+02, 2.33757050e+02, 1.15019073e+02,
    2.23263046e+02, 1.26054192e+02, 2.12966644e+02, 1.36812180e+02,
    2.02959946e+02, 1.47338455e+02 ]
