%YAML:1.0
---
points: [ 8.32455078e+02, 3.48928986e+02, 8.64241455e+02, 3.51853607e+02,
    8.97208069e+02, 3.55203278e+02, 9.31672485e+02, 3.58602448e+02,
    9.67614563e+02, 3.61923157e+02, 8.28027771e+02, 3.89615234e+02,
    8.59496765e+02, 3.93451355e+02, 8.92252014e+02, 3.97571289e+02,
    9.26486084e+02, 4.01794861e+02, 9.62128357e+02, 4.06269318e+02,
    8.23454041e+02, 4.29846405e+02, 8.54510254e+02, 4.34520905e+02,
    8.87139648e+02, 4.39391846e+02, 9.21218201e+02, 4.44575928e+02,
    9.56457886e+02, 4.49682831e+02, 8.19174866e+02, 4.69866302e+02,
    8.49867065e+02, 4.75328461e+02, 8.82262268e+02, 4.80888489e+02,
    9.16184875e+02, 4.86763611e+02, 9.50978882e+02, 4.92770966e+02,
    8.14765686e+02, 5.09485748e+02, 8.45416626e+02, 5.15735168e+02,
    8.77567566e+02, 5.22368652e+02, 9.11142090e+02, 5.28930298e+02,
    9.46119141e+02, 5.35739807e+02, 8.10584412e+02, 5.49098145e+02,
    8.40919800e+02, 5.55816650e+02, 8.73219055e+02, 5.63182373e+02,
    9.06538757e+02, 5.70614136e+02, 9.41305664e+02, 5.78372620e+02,
    8.06318420e+02, 5.88107605e+02, 8.36510437e+02, 5.96000549e+02,
    8.68470093e+02, 6.03717651e+02, 9.01534424e+02, 6.12007690e+02,
    9.36159912e+02, 6.20617859e+02 ]
