%YAML:1.0
---
points: [ 3.30770905e+02, 1.59123505e+02, 3.17928497e+02, 1.70029083e+02,
    3.05729950e+02, 1.80506546e+02, 2.93890503e+02, 1.90593750e+02,
    2.82502136e+02, 2.00221039e+02, 3.19439514e+02, 1.46729935e+02,
    3.06830322e+02, 1.57981888e+02, 2.94755157e+02, 1.68674225e+02,
    2.83176422e+02, 1.79046509e+02, 2.71960022e+02, 1.88868744e+02,
    3.08105591e+02, 1.34334320e+02, 2.95652954e+02, 1.45808289e+02,
    2.83818726e+02, 1.56840454e+02, 2.72315521e+02, 1.67366623e+02,
    2.61278870e+02, 1.77512238e+02, 2.96648407e+02, 1.21801315e+02,
    2.84404938e+02, 1.33583603e+02, 2.72684937e+02, 1.44759735e+02,
    2.61358215e+02, 1.55638336e+02, 2.50555161e+02, 1.66009216e+02,
    2.85174530e+02, 1.09150490e+02, 2.73085388e+02, 1.21204796e+02,
    2.61524658e+02, 1.32734192e+02, 2.50439209e+02, 1.43801743e+02,
    2.39762802e+02, 1.54473251e+02, 2.73605316e+02, 9.63190231e+01,
    2.61755859e+02, 1.08704422e+02, 2.50354477e+02, 1.20469696e+02,
    2.39390884e+02, 1.31825882e+02, 2.28876984e+02, 1.42784210e+02,
    2.61957153e+02, 8.34043274e+01, 2.50205719e+02, 9.60298386e+01,
    2.39031479e+02, 1.08093369e+02, 2.28200974e+02, 1.19713272e+02,
    2.17927414e+02, 1.30944748e+02 ]
