%YAML:1.0
---
points: [ 1.17238098e+03, 6.37357483e+02, 1.13405359e+03, 6.61181702e+02,
    1.09517529e+03, 6.85133911e+02, 1.05577551e+03, 7.09706482e+02,
    1.01521661e+03, 7.34600952e+02, 1.14858069e+03, 5.97111023e+02,
    1.11019055e+03, 6.20486145e+02, 1.07132593e+03, 6.44235291e+02,
    1.03171204e+03, 6.68260315e+02, 9.91045288e+02, 6.92868896e+02,
    1.12524878e+03, 5.56929260e+02, 1.08659277e+03, 5.79966431e+02,
    1.04745898e+03, 6.03359680e+02, 1.00773578e+03, 6.27028748e+02,
    9.67176453e+02, 6.51348633e+02, 1.10171179e+03, 5.16946838e+02,
    1.06300769e+03, 5.39642029e+02, 1.02368298e+03, 5.62646545e+02,
    9.83831543e+02, 5.85984314e+02, 9.42990723e+02, 6.09890259e+02,
    1.07830090e+03, 4.77453705e+02, 1.03952551e+03, 4.99672638e+02,
    1.00009863e+03, 5.22284729e+02, 9.60204346e+02, 5.45352051e+02,
    9.19289185e+02, 5.68749695e+02, 1.05475000e+03, 4.37954742e+02,
    1.01578680e+03, 4.59713074e+02, 9.76494934e+02, 4.82091858e+02,
    9.36369629e+02, 5.04584320e+02, 8.95364441e+02, 5.27777649e+02,
    1.03139709e+03, 3.98468292e+02, 9.92377869e+02, 4.20012573e+02,
    9.52805725e+02, 4.41761261e+02, 9.12750366e+02, 4.63975067e+02,
    8.71662109e+02, 4.86759644e+02 ]
