%YAML:1.0
---
points: [ 2.22152496e+02, 1.44838623e+02, 2.33531006e+02, 1.45792221e+02,
    2.45380432e+02, 1.46940140e+02, 2.57733459e+02, 1.48112335e+02,
    2.70619385e+02, 1.49296555e+02, 2.20533966e+02, 1.58890152e+02,
    2.31843887e+02, 1.60224899e+02, 2.43644730e+02, 1.61553177e+02,
    2.55835846e+02, 1.63050964e+02, 2.68661346e+02, 1.64465027e+02,
    2.18938187e+02, 1.72798431e+02, 2.30126663e+02, 1.74348495e+02,
    2.41794586e+02, 1.76026627e+02, 2.53976166e+02, 1.77704330e+02,
    2.66612762e+02, 1.79470291e+02, 2.17464081e+02, 1.86462769e+02,
    2.28479416e+02, 1.88319351e+02, 2.40110306e+02, 1.90223297e+02,
    2.52179001e+02, 1.92247711e+02, 2.64712830e+02, 1.94297165e+02,
    2.15829941e+02, 2.00142807e+02, 2.26807251e+02, 2.02224503e+02,
    2.38401077e+02, 2.04407547e+02, 2.50385315e+02, 2.06666687e+02,
    2.62928467e+02, 2.09057495e+02, 2.14367981e+02, 2.13643753e+02,
    2.25239960e+02, 2.16058548e+02, 2.36757324e+02, 2.18474335e+02,
    2.48731644e+02, 2.21040833e+02, 2.61193390e+02, 2.23630325e+02,
    2.12772095e+02, 2.27149490e+02, 2.23621902e+02, 2.29718719e+02,
    2.35090530e+02, 2.32471237e+02, 2.46988953e+02, 2.35234543e+02,
    2.59307190e+02, 2.38201431e+02 ]
