%YAML:1.0
---
points: [ 3.56338135e+02, 1.45737656e+02, 3.41840759e+02, 1.57383682e+02,
    3.28106781e+02, 1.68515732e+02, 3.14980042e+02, 1.79088043e+02,
    3.02584320e+02, 1.89011185e+02, 3.44205933e+02, 1.32053101e+02,
    3.29978851e+02, 1.44123611e+02, 3.16429016e+02, 1.55560944e+02,
    3.03597412e+02, 1.66463867e+02, 2.91353638e+02, 1.76739655e+02,
    3.32003021e+02, 1.18334435e+02, 3.18004944e+02, 1.30762909e+02,
    3.04746857e+02, 1.42595123e+02, 2.92157593e+02, 1.53790665e+02,
    2.80200806e+02, 1.64425430e+02, 3.19656372e+02, 1.04403694e+02,
    3.06014130e+02, 1.17249168e+02, 2.92994263e+02, 1.29408051e+02,
    2.80653870e+02, 1.41001007e+02, 2.68892914e+02, 1.51962952e+02,
    3.07356842e+02, 9.03773193e+01, 2.93937653e+02, 1.03614403e+02,
    2.81202911e+02, 1.16171516e+02, 2.69087219e+02, 1.28051239e+02,
    2.57619812e+02, 1.39424591e+02, 2.94966675e+02, 7.61799622e+01,
    2.81811676e+02, 8.98324661e+01, 2.69312378e+02, 1.02733475e+02,
    2.57558044e+02, 1.15073425e+02, 2.46175201e+02, 1.26747322e+02,
    2.82416107e+02, 6.18277626e+01, 2.69483582e+02, 7.58698807e+01,
    2.57289948e+02, 8.91709137e+01, 2.45631958e+02, 1.01765343e+02,
    2.34627380e+02, 1.13900360e+02 ]
