%YAML:1.0
---
points: [ 3.11063202e+02, 1.52540054e+02, 3.23956940e+02, 1.53594635e+02,
    3.37595459e+02, 1.54687164e+02, 3.51933411e+02, 1.55872345e+02,
    3.67159058e+02, 1.57178986e+02, 3.08937683e+02, 1.67013458e+02,
    3.21721802e+02, 1.68452728e+02, 3.35187317e+02, 1.69988617e+02,
    3.49361908e+02, 1.71613464e+02, 3.64487732e+02, 1.73318008e+02,
    3.06761536e+02, 1.81331757e+02, 3.19475403e+02, 1.83123779e+02,
    3.32783783e+02, 1.85095139e+02, 3.46853729e+02, 1.87040817e+02,
    3.61781067e+02, 1.89206024e+02, 3.04761108e+02, 1.95462463e+02,
    3.17244110e+02, 1.97695190e+02, 3.30449036e+02, 1.99909241e+02,
    3.44440643e+02, 2.02316833e+02, 3.59178314e+02, 2.04856857e+02,
    3.02708801e+02, 2.09479630e+02, 3.15109497e+02, 2.12079269e+02,
    3.28194611e+02, 2.14697678e+02, 3.42073395e+02, 2.17475754e+02,
    3.56762207e+02, 2.20409012e+02, 3.00702637e+02, 2.23450562e+02,
    3.12999207e+02, 2.26371323e+02, 3.26063171e+02, 2.29364868e+02,
    3.39852142e+02, 2.32518494e+02, 3.54390808e+02, 2.35849731e+02,
    2.98705353e+02, 2.37334106e+02, 3.10902985e+02, 2.40569077e+02,
    3.23875214e+02, 2.43917572e+02, 3.37540222e+02, 2.47440750e+02,
    3.51963135e+02, 2.51184753e+02 ]
