%YAML:1.0
---
points: [ 1.08831506e+03, 3.71660461e+02, 1.12367249e+03, 3.75165131e+02,
    1.16100439e+03, 3.78471161e+02, 1.20045679e+03, 3.82276123e+02,
    1.24217090e+03, 3.86204254e+02, 1.08239795e+03, 4.13641205e+02,
    1.11755688e+03, 4.18072693e+02, 1.15450439e+03, 4.22724426e+02,
    1.19345422e+03, 4.27610413e+02, 1.23463452e+03, 4.32617676e+02,
    1.07647168e+03, 4.55135040e+02, 1.11138855e+03, 4.60534515e+02,
    1.14808630e+03, 4.66168274e+02, 1.18652136e+03, 4.72085785e+02,
    1.22741492e+03, 4.78341919e+02, 1.07083923e+03, 4.96369812e+02,
    1.10537952e+03, 5.02637482e+02, 1.14166882e+03, 5.09301941e+02,
    1.17982214e+03, 5.16422607e+02, 1.22026465e+03, 5.23765869e+02,
    1.06532227e+03, 5.37186218e+02, 1.09940918e+03, 5.44575256e+02,
    1.13547485e+03, 5.52169495e+02, 1.17349524e+03, 5.60425476e+02,
    1.21339783e+03, 5.68869873e+02, 1.05968042e+03, 5.77502930e+02,
    1.09349011e+03, 5.86108643e+02, 1.12936194e+03, 5.94599426e+02,
    1.16719067e+03, 6.03644775e+02, 1.20704590e+03, 6.13458557e+02,
    1.05406226e+03, 6.17908569e+02, 1.08750549e+03, 6.27133667e+02,
    1.12320459e+03, 6.36762878e+02, 1.16071216e+03, 6.46937256e+02,
    1.20022717e+03, 6.57636902e+02 ]
