%YAML:1.0
---
points: [ 1.10954199e+03, 6.95292053e+02, 1.06972351e+03, 7.20867126e+02,
    1.02919690e+03, 7.46877319e+02, 9.87625183e+02, 7.73552307e+02,
    9.44636902e+02, 8.01074646e+02, 1.08468250e+03, 6.53209229e+02,
    1.04469019e+03, 6.78152771e+02, 1.00387042e+03, 7.03614380e+02,
    9.62293152e+02, 7.29707886e+02, 9.19066406e+02, 7.56571106e+02,
    1.06028381e+03, 6.11341797e+02, 1.01988141e+03, 6.35770569e+02,
    9.78890991e+02, 6.60669861e+02, 9.36944519e+02, 6.86203735e+02,
    8.93680786e+02, 7.12481812e+02, 1.03564648e+03, 5.69529114e+02,
    9.95248108e+02, 5.93546387e+02, 9.54007629e+02, 6.17919250e+02,
    9.11769653e+02, 6.42809448e+02, 8.68297729e+02, 6.68591309e+02,
    1.01120715e+03, 5.28034851e+02, 9.70528198e+02, 5.51599792e+02,
    9.29140442e+02, 5.75482788e+02, 8.86782043e+02, 5.99838074e+02,
    8.43189514e+02, 6.25073486e+02, 9.86621460e+02, 4.87048981e+02,
    9.45885498e+02, 5.09895111e+02, 9.04310364e+02, 5.33206909e+02,
    8.61891663e+02, 5.57106079e+02, 8.18027100e+02, 5.81735352e+02,
    9.62317383e+02, 4.45840912e+02, 9.21389832e+02, 4.68195709e+02,
    8.79592590e+02, 4.90957214e+02, 8.36797852e+02, 5.14341614e+02,
    7.92827881e+02, 5.38385010e+02 ]
