%YAML:1.0
---
points: [ 9.71975159e+02, 3.58677246e+02, 1.00920435e+03, 3.61738739e+02,
    1.04777161e+03, 3.65296356e+02, 1.08783533e+03, 3.68673889e+02,
    1.12970459e+03, 3.72337585e+02, 9.67285217e+02, 4.01119476e+02,
    1.00424872e+03, 4.05010620e+02, 1.04263354e+03, 4.09168488e+02,
    1.08238037e+03, 4.13471710e+02, 1.12384314e+03, 4.18075012e+02,
    9.62614136e+02, 4.42930450e+02, 9.99261780e+02, 4.47647827e+02,
    1.03740723e+03, 4.52589417e+02, 1.07675049e+03, 4.57683502e+02,
    1.11798169e+03, 4.62990570e+02, 9.58139893e+02, 4.84483368e+02,
    9.94407776e+02, 4.90019409e+02, 1.03225098e+03, 4.95692444e+02,
    1.07136707e+03, 5.01674194e+02, 1.11236121e+03, 5.07709076e+02,
    9.53486328e+02, 5.25605347e+02, 9.89659973e+02, 5.32048279e+02,
    1.02726892e+03, 5.38520203e+02, 1.06630164e+03, 5.45214294e+02,
    1.10703662e+03, 5.52032654e+02, 9.49019592e+02, 5.66580566e+02,
    9.84850342e+02, 5.73629944e+02, 1.02229828e+03, 5.80867615e+02,
    1.06127979e+03, 5.88174744e+02, 1.10173706e+03, 5.96197937e+02,
    9.44390869e+02, 6.07337952e+02, 9.80091675e+02, 6.14944153e+02,
    1.01731744e+03, 6.22989441e+02, 1.05593787e+03, 6.31052795e+02,
    1.09622034e+03, 6.39619812e+02 ]
