%YAML:1.0
---
points: [ 1.23118713e+03, 6.46742126e+02, 1.18730896e+03, 6.72802612e+02,
    1.14337500e+03, 6.98761230e+02, 1.09904785e+03, 7.25097473e+02,
    1.05401392e+03, 7.51565735e+02, 1.20472363e+03, 6.01871094e+02,
    1.16115625e+03, 6.27501404e+02, 1.11717175e+03, 6.53397095e+02,
    1.07282397e+03, 6.79470642e+02, 1.02783484e+03, 7.05704285e+02,
    1.17874048e+03, 5.57396362e+02, 1.13509692e+03, 5.82810730e+02,
    1.09115784e+03, 6.08437744e+02, 1.04680627e+03, 6.34260132e+02,
    1.00194458e+03, 6.60313232e+02, 1.15284338e+03, 5.12965210e+02,
    1.10920068e+03, 5.38255981e+02, 1.06525818e+03, 5.63576355e+02,
    1.02090033e+03, 5.89162964e+02, 9.75971741e+02, 6.15100647e+02,
    1.12704822e+03, 4.69055847e+02, 1.08334216e+03, 4.94153778e+02,
    1.03944653e+03, 5.19208191e+02, 9.95245117e+02, 5.44434326e+02,
    9.50425598e+02, 5.70185059e+02, 1.10122021e+03, 4.25440826e+02,
    1.05751038e+03, 4.50155426e+02, 1.01370917e+03, 4.74975922e+02,
    9.69602539e+02, 4.99968079e+02, 9.24756531e+02, 5.25519409e+02,
    1.07543872e+03, 3.81735046e+02, 1.03184644e+03, 4.06236328e+02,
    9.88171997e+02, 4.30765747e+02, 9.44020020e+02, 4.55603027e+02,
    8.99332031e+02, 4.80795776e+02 ]
