%YAML:1.0
---
points: [ 3.86350983e+02, 1.28825638e+02, 3.69844238e+02, 1.41378937e+02,
    3.54262146e+02, 1.53234848e+02, 3.39669037e+02, 1.64260864e+02,
    3.25991669e+02, 1.74577133e+02, 3.73203766e+02, 1.13495422e+02,
    3.57002228e+02, 1.26626549e+02, 3.41771942e+02, 1.38995132e+02,
    3.27506104e+02, 1.50533081e+02, 3.14154327e+02, 1.61289520e+02,
    3.59843323e+02, 9.82337723e+01, 3.43991455e+02, 1.11886208e+02,
    3.29192841e+02, 1.24708664e+02, 3.15304321e+02, 1.36718384e+02,
    3.02252594e+02, 1.47924805e+02, 3.46353638e+02, 8.26767578e+01,
    3.30994110e+02, 9.69184418e+01, 3.16534332e+02, 1.10259094e+02,
    3.02993439e+02, 1.22754822e+02, 2.90327484e+02, 1.34384109e+02,
    3.32898224e+02, 6.70427246e+01, 3.17912720e+02, 8.17977219e+01,
    3.03829102e+02, 9.56588669e+01, 2.90644531e+02, 1.08661156e+02,
    2.78329498e+02, 1.20861359e+02, 3.19334839e+02, 5.12631874e+01,
    3.04758148e+02, 6.65037308e+01, 2.91086395e+02, 8.08877182e+01,
    2.78243134e+02, 9.43601456e+01, 2.66215240e+02, 1.07069443e+02,
    3.05584229e+02, 3.51821480e+01, 2.91340393e+02, 5.11665115e+01,
    2.78135681e+02, 6.59627914e+01, 2.65647522e+02, 7.99354553e+01,
    2.54032959e+02, 9.31334076e+01 ]
