%YAML:1.0
---
points: [ 2.71130432e+02, 1.48136261e+02, 2.84385773e+02, 1.49194870e+02,
    2.98203461e+02, 1.50308273e+02, 3.12539032e+02, 1.51444016e+02,
    3.27575562e+02, 1.52608368e+02, 2.69384003e+02, 1.62719162e+02,
    2.82603851e+02, 1.64130661e+02, 2.96251373e+02, 1.65487503e+02,
    3.10496979e+02, 1.66937500e+02, 3.25411621e+02, 1.68371002e+02,
    2.67678253e+02, 1.77230255e+02, 2.80770996e+02, 1.78778244e+02,
    2.94334229e+02, 1.80441971e+02, 3.08479401e+02, 1.82160187e+02,
    3.23268738e+02, 1.84000748e+02, 2.66106201e+02, 1.91391052e+02,
    2.78998627e+02, 1.93314926e+02, 2.92472748e+02, 1.95268265e+02,
    3.06482880e+02, 1.97259857e+02, 3.21188690e+02, 1.99322311e+02,
    2.64354584e+02, 2.05634888e+02, 2.77260895e+02, 2.07798309e+02,
    2.90691711e+02, 2.09958908e+02, 3.04653534e+02, 2.12240128e+02,
    3.19186646e+02, 2.14622314e+02, 2.62777924e+02, 2.19671478e+02,
    2.75542877e+02, 2.22117432e+02, 2.88947540e+02, 2.24525604e+02,
    3.02832092e+02, 2.27126251e+02, 3.17314270e+02, 2.29750305e+02,
    2.61178833e+02, 2.33679291e+02, 2.73873322e+02, 2.36303101e+02,
    2.87160278e+02, 2.39057770e+02, 3.00975616e+02, 2.41828049e+02,
    3.15301453e+02, 2.44795380e+02 ]
