%YAML:1.0
---
points: [ 2.55604782e+02, 1.46352737e+02, 2.69609161e+02, 1.47435532e+02,
    2.83911011e+02, 1.48543060e+02, 2.98621277e+02, 1.49630829e+02,
    3.13781219e+02, 1.50769165e+02, 2.54195648e+02, 1.61118408e+02,
    2.68099670e+02, 1.62353195e+02, 2.82295258e+02, 1.63609131e+02,
    2.96936401e+02, 1.64991501e+02, 3.12027496e+02, 1.66222473e+02,
    2.52721817e+02, 1.75618912e+02, 2.66595856e+02, 1.77090927e+02,
    2.80714691e+02, 1.78534378e+02, 2.95239655e+02, 1.80013458e+02,
    3.10163208e+02, 1.81499451e+02, 2.51396805e+02, 1.90012863e+02,
    2.65130890e+02, 1.91659622e+02, 2.79154083e+02, 1.93281113e+02,
    2.93538757e+02, 1.94962021e+02, 3.08415558e+02, 1.96677032e+02,
    2.50002563e+02, 2.04321167e+02, 2.63638275e+02, 2.06106293e+02,
    2.77585968e+02, 2.07953400e+02, 2.92055237e+02, 2.09722565e+02,
    3.06709045e+02, 2.11618530e+02, 2.48624588e+02, 2.18434433e+02,
    2.62203156e+02, 2.20444031e+02, 2.76168945e+02, 2.22407959e+02,
    2.90370056e+02, 2.24375885e+02, 3.05183655e+02, 2.26499069e+02,
    2.47247894e+02, 2.32540680e+02, 2.60754700e+02, 2.34724777e+02,
    2.74635712e+02, 2.36844666e+02, 2.88887665e+02, 2.39050278e+02,
    3.03511688e+02, 2.41321671e+02 ]
