%YAML:1.0
---
points: [ 9.26572083e+02, 3.53352905e+02, 9.66247986e+02, 3.56463257e+02,
    1.00682697e+03, 3.59832855e+02, 1.04860010e+03, 3.63243408e+02,
    1.09150964e+03, 3.66653870e+02, 9.22609375e+02, 3.96095367e+02,
    9.62181946e+02, 3.99682648e+02, 1.00250061e+03, 4.03560394e+02,
    1.04402478e+03, 4.07523865e+02, 1.08664014e+03, 4.11627838e+02,
    9.18592896e+02, 4.38310089e+02, 9.58039062e+02, 4.42494263e+02,
    9.98115051e+02, 4.46688141e+02, 1.03940833e+03, 4.51229706e+02,
    1.08172314e+03, 4.55691315e+02, 9.14970703e+02, 4.80098480e+02,
    9.53835449e+02, 4.84827698e+02, 9.94003662e+02, 4.89650909e+02,
    1.03481445e+03, 4.94591217e+02, 1.07712866e+03, 4.99679474e+02,
    9.11185425e+02, 5.21755432e+02, 9.49786316e+02, 5.27022522e+02,
    9.89761963e+02, 5.32374146e+02, 1.03055933e+03, 5.37805908e+02,
    1.07253894e+03, 5.43470947e+02, 9.07291321e+02, 5.62922180e+02,
    9.45845337e+02, 5.68768738e+02, 9.85656372e+02, 5.74567505e+02,
    1.02640796e+03, 5.80509216e+02, 1.06825012e+03, 5.86561096e+02,
    9.03495728e+02, 6.03811707e+02, 9.42083557e+02, 6.10336731e+02,
    9.81416199e+02, 6.16525879e+02, 1.02201233e+03, 6.22898071e+02,
    1.06355420e+03, 6.29354553e+02 ]
