%YAML:1.0
---
points: [ 9.42483704e+02, 8.16438660e+02, 8.99640137e+02, 8.44171753e+02,
    8.55737244e+02, 8.72539062e+02, 8.10599915e+02, 9.01615662e+02,
    7.63824829e+02, 9.31570923e+02, 9.17642090e+02, 7.72850647e+02,
    8.74647095e+02, 7.99706726e+02, 8.30589478e+02, 8.27329895e+02,
    7.85221558e+02, 8.55802368e+02, 7.38403992e+02, 8.85064453e+02,
    8.93086853e+02, 7.29618652e+02, 8.49810608e+02, 7.55888855e+02,
    8.05511047e+02, 7.82834229e+02, 7.60103516e+02, 8.10454834e+02,
    7.13130676e+02, 8.38966187e+02, 8.68502075e+02, 6.86524170e+02,
    8.25245850e+02, 7.12238770e+02, 7.80619080e+02, 7.38456726e+02,
    7.34931030e+02, 7.65502686e+02, 6.87888306e+02, 7.93343750e+02,
    8.44198059e+02, 6.43991821e+02, 8.00516541e+02, 6.69007446e+02,
    7.55927917e+02, 6.94552429e+02, 7.10091797e+02, 7.20808105e+02,
    6.62825989e+02, 7.48095520e+02, 8.19754944e+02, 6.01572388e+02,
    7.76148865e+02, 6.26002808e+02, 7.31317932e+02, 6.50930359e+02,
    6.85415100e+02, 6.76564880e+02, 6.37941284e+02, 7.03216125e+02,
    7.95502136e+02, 5.59344299e+02, 7.51606567e+02, 5.83159668e+02,
    7.06672241e+02, 6.07444580e+02, 6.60640686e+02, 6.32385315e+02,
    6.13117249e+02, 6.58318115e+02 ]
