%YAML:1.0
---
points: [ 4.23309357e+02, 1.14436073e+02, 4.03834473e+02, 1.28300903e+02,
    3.85375763e+02, 1.41329636e+02, 3.68304932e+02, 1.53319992e+02,
    3.52434113e+02, 1.64364105e+02, 4.08768951e+02, 9.68502808e+01,
    3.89534851e+02, 1.11440971e+02, 3.71652252e+02, 1.25130035e+02,
    3.54967987e+02, 1.37821274e+02, 3.39574707e+02, 1.49451477e+02,
    3.93841034e+02, 7.90631256e+01, 3.75170319e+02, 9.44668579e+01,
    3.57737946e+02, 1.08855049e+02, 3.41569580e+02, 1.22217285e+02,
    3.26602844e+02, 1.34489944e+02, 3.78808472e+02, 6.12978783e+01,
    3.60663361e+02, 7.73414536e+01, 3.43732513e+02, 9.23981934e+01,
    3.28112732e+02, 1.06433632e+02, 3.13619873e+02, 1.19365654e+02,
    3.63676697e+02, 4.31712036e+01, 3.46070953e+02, 6.00669212e+01,
    3.29712708e+02, 7.58882523e+01, 3.14520905e+02, 9.04906235e+01,
    3.00479401e+02, 1.04152237e+02, 3.48432343e+02, 2.51209354e+01,
    3.31339600e+02, 4.26128006e+01, 3.15610657e+02, 5.90902824e+01,
    3.00974731e+02, 7.43947601e+01, 2.87369659e+02, 8.86956787e+01,
    3.33015381e+02, 6.95639706e+00, 3.16506897e+02, 2.51874809e+01,
    3.01307678e+02, 4.21913261e+01, 2.87137787e+02, 5.81449966e+01,
    2.74061432e+02, 7.30923767e+01 ]
