%YAML:1.0
---
points: [ 1.07429504e+03, 7.38786865e+02, 1.03085596e+03, 7.64619507e+02,
    9.87434937e+02, 7.90589294e+02, 9.43393127e+02, 8.16727539e+02,
    8.98738281e+02, 8.43127014e+02, 1.04908911e+03, 6.94662354e+02,
    1.00569073e+03, 7.20129944e+02, 9.62196350e+02, 7.45764221e+02,
    9.18325439e+02, 7.71615417e+02, 8.73672302e+02, 7.97732483e+02,
    1.02407239e+03, 6.50822693e+02, 9.80655334e+02, 6.76071960e+02,
    9.37201172e+02, 7.01374634e+02, 8.93312012e+02, 7.26942871e+02,
    8.48718079e+02, 7.52805603e+02, 9.99168884e+02, 6.07308105e+02,
    9.55845154e+02, 6.32276428e+02, 9.12249390e+02, 6.57375427e+02,
    8.68400574e+02, 6.82545105e+02, 8.23903625e+02, 7.08275940e+02,
    9.74342285e+02, 5.63952759e+02, 9.30983337e+02, 5.88767517e+02,
    8.87555237e+02, 6.13589111e+02, 8.43680359e+02, 6.38581726e+02,
    7.99293030e+02, 6.63996887e+02, 9.49666138e+02, 5.21003052e+02,
    9.06413025e+02, 5.45498657e+02, 8.62844299e+02, 5.70112793e+02,
    8.19204834e+02, 5.94802979e+02, 7.74710083e+02, 6.20123352e+02,
    9.25100098e+02, 4.78107117e+02, 8.81825378e+02, 5.02299622e+02,
    8.38388000e+02, 5.26621826e+02, 7.94550293e+02, 5.51198120e+02,
    7.50223328e+02, 5.76123596e+02 ]
