%YAML:1.0
---
points: [ 3.82102325e+02, 1.44136093e+02, 3.64788239e+02, 1.57429153e+02,
    3.48473236e+02, 1.70015961e+02, 3.33120667e+02, 1.81848099e+02,
    3.18644989e+02, 1.92866074e+02, 3.68154022e+02, 1.28230515e+02,
    3.51222900e+02, 1.42139664e+02, 3.35240082e+02, 1.55195831e+02,
    3.20191528e+02, 1.67471283e+02, 3.06031799e+02, 1.78976044e+02,
    3.54102020e+02, 1.12401939e+02, 3.37529022e+02, 1.26761566e+02,
    3.21893005e+02, 1.40355515e+02, 3.07203705e+02, 1.53065079e+02,
    2.93416473e+02, 1.65006561e+02, 3.39851501e+02, 9.62857971e+01,
    3.23716278e+02, 1.11272606e+02, 3.08496277e+02, 1.25305397e+02,
    2.94187347e+02, 1.38488647e+02, 2.80725494e+02, 1.50884552e+02,
    3.25736023e+02, 8.01984482e+01, 3.09940613e+02, 9.55776291e+01,
    2.95079803e+02, 1.10116760e+02, 2.81091614e+02, 1.23826103e+02,
    2.67941467e+02, 1.36742889e+02, 3.11406281e+02, 6.37489052e+01,
    2.96106964e+02, 7.97790375e+01, 2.81577332e+02, 9.47774200e+01,
    2.67932678e+02, 1.08951614e+02, 2.55105728e+02, 1.22339104e+02,
    2.97045776e+02, 4.72669601e+01, 2.81989746e+02, 6.37554359e+01,
    2.67855072e+02, 7.92603836e+01, 2.54582443e+02, 9.39132919e+01,
    2.42091370e+02, 1.07793320e+02 ]
