%YAML:1.0
---
points: [ 2.99241302e+02, 1.48039993e+02, 3.16126801e+02, 1.49080338e+02,
    3.33682281e+02, 1.50133423e+02, 3.52118225e+02, 1.51283356e+02,
    3.71406982e+02, 1.52502716e+02, 2.97343719e+02, 1.65492920e+02,
    3.14092743e+02, 1.66916336e+02, 3.31499512e+02, 1.68380173e+02,
    3.49737823e+02, 1.69879288e+02, 3.68894531e+02, 1.71487061e+02,
    2.95427338e+02, 1.82697220e+02, 3.12045990e+02, 1.84481842e+02,
    3.29350708e+02, 1.86355377e+02, 3.47456055e+02, 1.88277725e+02,
    3.66409943e+02, 1.90341049e+02, 2.93698547e+02, 1.99678055e+02,
    3.10135376e+02, 2.01862839e+02, 3.27242523e+02, 2.04091263e+02,
    3.45206177e+02, 2.06366287e+02, 3.64061340e+02, 2.08821640e+02,
    2.91955139e+02, 2.16557144e+02, 3.08187469e+02, 2.19095779e+02,
    3.25252777e+02, 2.21664703e+02, 3.43127716e+02, 2.24366119e+02,
    3.61821869e+02, 2.27246231e+02, 2.90205811e+02, 2.33229660e+02,
    3.06333649e+02, 2.36125916e+02, 3.23298889e+02, 2.39061859e+02,
    3.41038727e+02, 2.42137451e+02, 3.59589233e+02, 2.45308334e+02,
    2.88400330e+02, 2.49766876e+02, 3.04553314e+02, 2.53026978e+02,
    3.21333130e+02, 2.56301636e+02, 3.38931061e+02, 2.59696350e+02,
    3.57327026e+02, 2.63337463e+02 ]
