%YAML:1.0
---
points: [ 1.04470386e+03, 3.59879211e+02, 1.09198010e+03, 3.63644928e+02,
    1.14060034e+03, 3.66855896e+02, 1.19207788e+03, 3.71415985e+02,
    1.24541284e+03, 3.74673859e+02, 1.03983435e+03, 4.10747620e+02,
    1.08608777e+03, 4.15062408e+02, 1.13493689e+03, 4.20042694e+02,
    1.18519202e+03, 4.24747040e+02, 1.23879724e+03, 4.30290680e+02,
    1.03448364e+03, 4.60448486e+02, 1.08111023e+03, 4.66441101e+02,
    1.12881824e+03, 4.71909668e+02, 1.17952258e+03, 4.78320984e+02,
    1.23145996e+03, 4.84236237e+02, 1.02989209e+03, 5.10177460e+02,
    1.07539014e+03, 5.16578918e+02, 1.12340771e+03, 5.23674072e+02,
    1.17280627e+03, 5.30309998e+02, 1.22559851e+03, 5.38217407e+02,
    1.02458276e+03, 5.59040649e+02, 1.07027454e+03, 5.66800964e+02,
    1.11734680e+03, 5.74403320e+02, 1.16736511e+03, 5.82800964e+02,
    1.21888196e+03, 5.91073853e+02, 1.02001245e+03, 6.07752808e+02,
    1.06469861e+03, 6.16097046e+02, 1.11230469e+03, 6.24873718e+02,
    1.16118896e+03, 6.33791992e+02, 1.21284973e+03, 6.43643250e+02,
    1.01469202e+03, 6.55444946e+02, 1.05985168e+03, 6.65391602e+02,
    1.10643347e+03, 6.74671326e+02, 1.15548059e+03, 6.85033691e+02,
    1.20621057e+03, 6.95504456e+02 ]
