%YAML:1.0
---
points: [ 2.74823883e+02, 1.48028763e+02, 2.90518616e+02, 1.49122772e+02,
    3.07029755e+02, 1.50272751e+02, 3.24272888e+02, 1.51416702e+02,
    3.42473816e+02, 1.52705521e+02, 2.72972748e+02, 1.65096481e+02,
    2.88517090e+02, 1.66598557e+02, 3.04822815e+02, 1.68198700e+02,
    3.21955231e+02, 1.69770432e+02, 3.39953339e+02, 1.71469040e+02,
    2.71098633e+02, 1.82036331e+02, 2.86509338e+02, 1.83811539e+02,
    3.02662140e+02, 1.85781296e+02, 3.19637604e+02, 1.87800873e+02,
    3.37465881e+02, 1.89925308e+02, 2.69227966e+02, 1.98628799e+02,
    2.84513824e+02, 2.00902405e+02, 3.00586365e+02, 2.03212051e+02,
    3.17368866e+02, 2.05626770e+02, 3.35098267e+02, 2.08178757e+02,
    2.67446106e+02, 2.15230118e+02, 2.82624359e+02, 2.17789810e+02,
    2.98529297e+02, 2.20505569e+02, 3.15262848e+02, 2.23356277e+02,
    3.32855804e+02, 2.26303223e+02, 2.65683990e+02, 2.31580444e+02,
    2.80741577e+02, 2.34590088e+02, 2.96599487e+02, 2.37609406e+02,
    3.13247040e+02, 2.40803009e+02, 3.30682953e+02, 2.44179901e+02,
    2.63910309e+02, 2.47875488e+02, 2.78900848e+02, 2.51185471e+02,
    2.94609772e+02, 2.54627197e+02, 3.11158997e+02, 2.58177338e+02,
    3.28439880e+02, 2.61974426e+02 ]
