%YAML:1.0
---
points: [ 1.22356152e+03, 6.67727112e+02, 1.17687964e+03, 6.92828125e+02,
    1.13083118e+03, 7.17519226e+02, 1.08540735e+03, 7.41956604e+02,
    1.04030896e+03, 7.66078308e+02, 1.19702124e+03, 6.21305664e+02,
    1.15069421e+03, 6.46549011e+02, 1.10486511e+03, 6.71409851e+02,
    1.05969946e+03, 6.95968933e+02, 1.01481702e+03, 7.20346008e+02,
    1.17069360e+03, 5.75274109e+02, 1.12460718e+03, 6.00630493e+02,
    1.07922729e+03, 6.25702393e+02, 1.03436133e+03, 6.50570618e+02,
    9.89653503e+02, 6.74947388e+02, 1.14450793e+03, 5.29433838e+02,
    1.09874561e+03, 5.55024048e+02, 1.05354004e+03, 5.80294128e+02,
    1.00901447e+03, 6.05229004e+02, 9.64644897e+02, 6.29962585e+02,
    1.11861877e+03, 4.84050110e+02, 1.07304163e+03, 5.09757477e+02,
    1.02822839e+03, 5.35187988e+02, 9.83770203e+02, 5.60363708e+02,
    9.39850708e+02, 5.85299622e+02, 1.09271484e+03, 4.38895844e+02,
    1.04753833e+03, 4.64726318e+02, 1.00292407e+03, 4.90406952e+02,
    9.58830322e+02, 5.15567566e+02, 9.15184692e+02, 5.40784973e+02,
    1.06703113e+03, 3.93796967e+02, 1.02190570e+03, 4.19921997e+02,
    9.77674866e+02, 4.45593811e+02, 9.33915710e+02, 4.71028900e+02,
    8.90491760e+02, 4.96387360e+02 ]
