%YAML:1.0
---
points: [ 9.70196777e+02, 3.57984558e+02, 1.01386176e+03, 3.61405701e+02,
    1.05961780e+03, 3.65040710e+02, 1.10747864e+03, 3.68810608e+02,
    1.15784766e+03, 3.72651184e+02, 9.64976746e+02, 4.07684601e+02,
    1.00845056e+03, 4.12247162e+02, 1.05380200e+03, 4.17041229e+02,
    1.10129541e+03, 4.21897766e+02, 1.15115649e+03, 4.27153351e+02,
    9.59854614e+02, 4.56623535e+02, 1.00279828e+03, 4.62262970e+02,
    1.04810535e+03, 4.67996185e+02, 1.09517969e+03, 4.74275757e+02,
    1.14439087e+03, 4.80486511e+02, 9.54951233e+02, 5.05315338e+02,
    9.97550110e+02, 5.11959625e+02, 1.04244763e+03, 5.18710022e+02,
    1.08915735e+03, 5.25802490e+02, 1.13808813e+03, 5.33384216e+02,
    9.49938843e+02, 5.53531921e+02, 9.92415466e+02, 5.61107483e+02,
    1.03684558e+03, 5.69061035e+02, 1.08331458e+03, 5.77122437e+02,
    1.13202271e+03, 5.85822754e+02, 9.45224548e+02, 6.01278381e+02,
    9.87126709e+02, 6.09733154e+02, 1.03163062e+03, 6.18738037e+02,
    1.07763586e+03, 6.27924622e+02, 1.12608716e+03, 6.37621948e+02,
    9.40238770e+02, 6.48611023e+02, 9.82010254e+02, 6.58236633e+02,
    1.02595825e+03, 6.67931091e+02, 1.07170544e+03, 6.78183105e+02,
    1.11971301e+03, 6.88846130e+02 ]
