%YAML:1.0
---
points: [ 2.68013855e+02, 1.52299149e+02, 2.84324402e+02, 1.59753860e+02,
    3.01054443e+02, 1.67365799e+02, 3.18240692e+02, 1.75157532e+02, 328.,
    1.82500000e+02, 2.60095764e+02, 1.69217499e+02, 2.76217133e+02,
    1.76807693e+02, 2.92704498e+02, 1.84565628e+02, 3.09630554e+02,
    1.92633896e+02, 317., 1.94500000e+02, 2.52274811e+02, 1.85786636e+02,
    2.68191772e+02, 1.93571960e+02, 2.84451263e+02, 2.01546021e+02,
    3.01279083e+02, 2.09645782e+02, 3.08788422e+02, 2.24425598e+02,
    2.44619110e+02, 2.02191650e+02, 2.60274414e+02, 2.10175293e+02,
    2.76381836e+02, 2.18331696e+02, 2.92944183e+02, 2.26733337e+02,
    3.10274109e+02, 2.35422150e+02, 2.36972824e+02, 2.18455490e+02,
    2.52460754e+02, 2.26652878e+02, 2.68420624e+02, 2.35013626e+02,
    2.84834320e+02, 2.43565491e+02, 3.01699432e+02, 2.52417328e+02,
    2.29353394e+02, 2.34642517e+02, 2.44744995e+02, 2.42993454e+02,
    2.60555298e+02, 2.51483551e+02, 2.76780853e+02, 2.60218567e+02,
    2.93543823e+02, 2.69279358e+02, 2.21819672e+02, 2.50651169e+02,
    2.37010040e+02, 2.59218445e+02, 2.52669510e+02, 2.67848175e+02,
    2.68741028e+02, 2.76796173e+02, 2.85298828e+02, 2.86046173e+02 ]
