%YAML:1.0
---
points: [ 2.48896133e+02, 1.46417435e+02, 2.65155151e+02, 1.47581589e+02,
    2.82022644e+02, 1.48832916e+02, 2.99504700e+02, 1.50166641e+02,
    3.17829346e+02, 1.51497086e+02, 2.47203018e+02, 1.64111298e+02,
    2.63346344e+02, 1.65620316e+02, 2.79988953e+02, 1.67241409e+02,
    2.97362183e+02, 1.68824249e+02, 3.15509460e+02, 1.70467148e+02,
    2.45503494e+02, 1.81498764e+02, 2.61417816e+02, 1.83324738e+02,
    2.78051300e+02, 1.85262543e+02, 2.95250397e+02, 1.87255539e+02,
    3.13253540e+02, 1.89289825e+02, 2.43860992e+02, 1.98619690e+02,
    2.59644684e+02, 2.00829834e+02, 2.76110016e+02, 2.03091293e+02,
    2.93190247e+02, 2.05364059e+02, 3.11071320e+02, 2.07823776e+02,
    2.42198868e+02, 2.15719330e+02, 2.57872375e+02, 2.18234924e+02,
    2.74226837e+02, 2.20794510e+02, 2.91244781e+02, 2.23435898e+02,
    3.09016266e+02, 2.26247147e+02, 2.40517395e+02, 2.32541672e+02,
    2.56166992e+02, 2.35489777e+02, 2.72389252e+02, 2.38293320e+02,
    2.89357391e+02, 2.41268600e+02, 3.07003235e+02, 2.44372269e+02,
    2.38859528e+02, 2.49466827e+02, 2.54367004e+02, 2.52526932e+02,
    2.70542480e+02, 2.55709396e+02, 2.87375641e+02, 2.58956360e+02,
    3.04963226e+02, 2.62453644e+02 ]
