%YAML:1.0
---
points: [ 9.55415833e+02, 5.54751038e+02, 1.00561877e+03, 5.59566895e+02,
    1.05573328e+03, 5.64330688e+02, 1.10658801e+03, 5.68987366e+02,
    1.15820044e+03, 5.73756592e+02, 9.50367554e+02, 6.05319153e+02,
    1.00072443e+03, 6.10268066e+02, 1.05102991e+03, 6.15253479e+02,
    1.10197742e+03, 6.20232849e+02, 1.15369080e+03, 6.25344910e+02,
    9.45464050e+02, 6.55920105e+02, 9.95917419e+02, 6.61210815e+02,
    1.04639990e+03, 6.66437195e+02, 1.09741174e+03, 6.71634766e+02,
    1.14927917e+03, 6.76968384e+02, 9.40531250e+02, 7.06866394e+02,
    9.90991638e+02, 7.12360046e+02, 1.04164478e+03, 7.17909058e+02,
    1.09284412e+03, 7.23415161e+02, 1.14484399e+03, 7.29165405e+02,
    9.35451599e+02, 7.58330750e+02, 9.86145386e+02, 7.64270630e+02,
    1.03694043e+03, 7.69771729e+02, 1.08831714e+03, 7.75612610e+02,
    1.14042969e+03, 7.81543030e+02, 9.30366516e+02, 8.09812317e+02,
    9.81069763e+02, 8.16075623e+02, 1.03213965e+03, 8.22252502e+02,
    1.08366394e+03, 8.28276367e+02, 1.13600317e+03, 8.34344666e+02,
    9.25217773e+02, 8.62214844e+02, 9.76008911e+02, 8.68903809e+02,
    1.02735095e+03, 8.75129578e+02, 1.07907092e+03, 8.81340515e+02,
    1.13154419e+03, 8.87758423e+02 ]
