%YAML:1.0
---
points: [ 8.92318481e+02, 3.53475433e+02, 9.37847046e+02, 3.56915863e+02,
    9.85111450e+02, 3.60762390e+02, 1.03395862e+03, 3.64648132e+02,
    1.08534216e+03, 3.68705017e+02, 8.87521240e+02, 4.04553314e+02,
    9.32781677e+02, 4.09148712e+02, 9.79699036e+02, 4.13838135e+02,
    1.02831152e+03, 4.18731903e+02, 1.07934888e+03, 4.23897400e+02,
    8.82897766e+02, 4.55169403e+02, 9.27785828e+02, 4.60647217e+02,
    9.74367737e+02, 4.66367249e+02, 1.02264075e+03, 4.72196106e+02,
    1.07301416e+03, 4.78288879e+02, 8.78514038e+02, 5.05262054e+02,
    9.22812561e+02, 5.11753632e+02, 9.69192505e+02, 5.18351196e+02,
    1.01718115e+03, 5.24907288e+02, 1.06715027e+03, 5.32246094e+02,
    8.74014282e+02, 5.54886169e+02, 9.18030701e+02, 5.62232178e+02,
    9.64115479e+02, 5.69853699e+02, 1.01181940e+03, 5.77425293e+02,
    1.06151208e+03, 5.85637146e+02, 8.69481812e+02, 6.03990845e+02,
    9.13243042e+02, 6.12462769e+02, 9.59166992e+02, 6.20672058e+02,
    1.00663013e+03, 6.29257996e+02, 1.05597961e+03, 6.38390564e+02,
    8.64915649e+02, 6.52895874e+02, 9.08483582e+02, 6.61938049e+02,
    9.53922485e+02, 6.71173584e+02, 1.00128125e+03, 6.80689575e+02,
    1.05018616e+03, 6.90684082e+02 ]
