%YAML:1.0
---
points: [ 2.23738922e+02, 1.28505920e+02, 2.39604462e+02, 1.35749664e+02,
    2.55477020e+02, 1.43014969e+02, 2.71504028e+02, 1.50255005e+02,
    2.87979828e+02, 1.57573807e+02, 2.16660019e+02, 1.44927567e+02,
    2.32413132e+02, 1.52164444e+02, 2.48190430e+02, 1.59324310e+02,
    2.63363556e+02, 1.66901611e+02, 2.70528442e+02, 1.68290100e+02,
    2.09676880e+02, 1.61051010e+02, 2.25312790e+02, 1.68253601e+02,
    2.41001282e+02, 1.75556946e+02, 2.56576172e+02, 1.82240082e+02, 267.,
    1.99500000e+02, 2.02815918e+02, 1.76931717e+02, 2.18331726e+02,
    1.84212631e+02, 2.33956406e+02, 1.91412674e+02, 2.49622559e+02,
    1.98693726e+02, 2.65703644e+02, 2.06205750e+02, 1.95957077e+02,
    1.92688110e+02, 2.11384155e+02, 1.99957855e+02, 2.26907166e+02,
    2.07212051e+02, 2.42557449e+02, 2.14513428e+02, 2.58212830e+02,
    2.21870499e+02, 1.89116745e+02, 2.08291565e+02, 2.04517639e+02,
    2.15600006e+02, 2.19945984e+02, 2.22816315e+02, 2.35467102e+02,
    2.30124420e+02, 2.51121399e+02, 2.37461929e+02, 1.82355057e+02,
    2.23806366e+02, 1.97634811e+02, 2.31143600e+02, 2.13026596e+02,
    2.38327301e+02, 2.28411682e+02, 2.45629196e+02, 2.44017242e+02,
    2.53004486e+02 ]
