%YAML:1.0
---
points: [ 1.32785873e+02, 1.37776062e+02, 1.48931168e+02, 1.38997681e+02,
    1.65409454e+02, 1.40411636e+02, 1.81875168e+02, 1.41740128e+02,
    1.98732162e+02, 1.43178711e+02, 1.32001450e+02, 1.55000122e+02,
    1.47986298e+02, 1.56468277e+02, 1.64320511e+02, 1.57928513e+02,
    1.80712601e+02, 1.59407440e+02, 1.97554123e+02, 1.60903854e+02,
    1.30958694e+02, 1.72154709e+02, 1.46936066e+02, 1.73746307e+02,
    1.63223587e+02, 1.75272629e+02, 1.79553940e+02, 1.76811554e+02,
    1.96272324e+02, 1.78426270e+02, 1.30085846e+02, 1.89070404e+02,
    1.45931915e+02, 1.90743805e+02, 1.62131500e+02, 1.92336838e+02,
    1.78429230e+02, 1.94051880e+02, 1.94972931e+02, 1.95748383e+02,
    1.29117188e+02, 2.05895615e+02, 1.44904556e+02, 2.07723541e+02,
    1.61044189e+02, 2.09349609e+02, 1.77332809e+02, 2.11134216e+02,
    1.93732452e+02, 2.12920502e+02, 1.28221054e+02, 2.22565414e+02,
    1.43944305e+02, 2.24395203e+02, 1.60034821e+02, 2.26203735e+02,
    1.76262115e+02, 2.28078888e+02, 1.92618668e+02, 2.29949341e+02,
    1.27257065e+02, 2.39177200e+02, 1.42917435e+02, 2.41062515e+02,
    1.58812149e+02, 2.42993011e+02, 1.74988037e+02, 2.44890701e+02,
    1.91384048e+02, 2.46863007e+02 ]
