%YAML:1.0
---
points: [ 8.13578796e+02, 5.42699890e+02, 8.64383423e+02, 5.47458923e+02,
    9.14371765e+02, 5.51898376e+02, 9.64081299e+02, 5.56453552e+02,
    1.01343073e+03, 5.61127747e+02, 8.08534302e+02, 5.93323486e+02,
    8.59492615e+02, 5.97845276e+02, 9.09602966e+02, 6.02368896e+02,
    9.59474304e+02, 6.06773804e+02, 1.00918817e+03, 6.11222595e+02,
    8.03449890e+02, 6.44141968e+02, 8.54509827e+02, 6.48501282e+02,
    9.05062683e+02, 6.52758545e+02, 9.54949524e+02, 6.57012451e+02,
    1.00480487e+03, 6.61256287e+02, 7.98324951e+02, 6.95147644e+02,
    8.49560486e+02, 6.99249756e+02, 9.00324463e+02, 7.03448120e+02,
    9.50444275e+02, 7.07493530e+02, 1.00047083e+03, 7.11642395e+02,
    7.93034973e+02, 7.46569580e+02, 8.44596619e+02, 7.50552979e+02,
    8.95525024e+02, 7.54655945e+02, 9.45761414e+02, 7.58596619e+02,
    9.95974731e+02, 7.62273254e+02, 7.87605713e+02, 7.98424255e+02,
    8.39352783e+02, 8.02536255e+02, 8.90537537e+02, 8.06199219e+02,
    9.41107056e+02, 8.09800964e+02, 9.91409058e+02, 8.13439575e+02,
    7.82127625e+02, 8.51043579e+02, 8.34216614e+02, 8.54798645e+02,
    8.85499573e+02, 8.58387085e+02, 9.36403503e+02, 8.61590393e+02,
    9.86780884e+02, 8.65226746e+02 ]
