%YAML:1.0
---
points: [ 2.71503967e+02, 1.51445435e+02, 2.86131866e+02, 1.58056641e+02,
    3.00962189e+02, 1.64783585e+02, 3.16266846e+02, 1.71716415e+02,
    3.32151276e+02, 1.78819977e+02, 2.64328918e+02, 1.66545898e+02,
    2.78817474e+02, 1.73309082e+02, 2.93537994e+02, 1.80190109e+02,
    3.08633850e+02, 1.87309509e+02, 3.24154449e+02, 1.94317642e+02,
    2.57364960e+02, 1.81405197e+02, 2.71617676e+02, 1.88308548e+02,
    2.86186951e+02, 1.95335464e+02, 3.01177490e+02, 2.02563736e+02,
    3.16620575e+02, 2.10230850e+02, 2.50504578e+02, 1.96118790e+02,
    2.64566284e+02, 2.03162369e+02, 2.79011353e+02, 2.10298630e+02,
    2.93762329e+02, 2.17774231e+02, 3.09126556e+02, 2.25274109e+02,
    2.43688889e+02, 2.10739609e+02, 2.57579041e+02, 2.17919937e+02,
    2.71875397e+02, 2.25269821e+02, 2.86497284e+02, 2.32772278e+02,
    3.01521637e+02, 2.40520081e+02, 2.37001282e+02, 2.25105026e+02,
    2.50675888e+02, 2.32541077e+02, 2.64826721e+02, 2.39988770e+02,
    2.79335052e+02, 2.47662140e+02, 2.94253479e+02, 2.55555710e+02,
    2.30143524e+02, 2.39605469e+02, 2.43784485e+02, 2.47015411e+02,
    2.57794525e+02, 2.54650391e+02, 2.72185730e+02, 2.62414978e+02,
    2.86942566e+02, 2.70494751e+02 ]
