%YAML:1.0
---
points: [ 5.57659729e+02, 3.28243286e+02, 6.03742798e+02, 3.32101044e+02,
    6.50535156e+02, 3.35732147e+02, 6.97931091e+02, 3.39775879e+02,
    7.46298950e+02, 3.43941315e+02, 5.55332581e+02, 3.78450714e+02,
    6.01381409e+02, 3.82549225e+02, 6.47821838e+02, 3.86784485e+02,
    6.94870667e+02, 3.91173004e+02, 7.42865479e+02, 3.95461823e+02,
    5.52891052e+02, 4.28182648e+02, 5.98451721e+02, 4.32601318e+02,
    6.44672852e+02, 4.37079071e+02, 6.91596069e+02, 4.41559479e+02,
    7.39314758e+02, 4.46188934e+02, 5.50530212e+02, 4.77202484e+02,
    5.95759766e+02, 4.81908691e+02, 6.41888611e+02, 4.86849640e+02,
    6.88561035e+02, 4.91662689e+02, 7.35939148e+02, 4.96647217e+02,
    5.48214661e+02, 5.25885132e+02, 5.93143433e+02, 5.31006958e+02,
    6.39188110e+02, 5.36131836e+02, 6.85623840e+02, 5.41308777e+02,
    7.32954041e+02, 5.46507629e+02, 5.45595581e+02, 5.74252258e+02,
    5.90542542e+02, 5.79794983e+02, 6.36581482e+02, 5.85112976e+02,
    6.82868530e+02, 5.90555176e+02, 7.29867859e+02, 5.96125549e+02,
    5.43289978e+02, 6.22415955e+02, 5.87838135e+02, 6.28208984e+02,
    6.33561096e+02, 6.33685730e+02, 6.79797974e+02, 6.39416321e+02,
    7.26590271e+02, 6.45223816e+02 ]
