%YAML:1.0
---
points: [ 1.76750244e+02, 8.30951385e+01, 1.90063446e+02, 9.45374756e+01,
    2.03324112e+02, 1.05977264e+02, 2.16701202e+02, 1.17511063e+02,
    2.30130310e+02, 1.29114670e+02, 1.65381531e+02, 9.68518066e+01,
    1.78687790e+02, 1.08314140e+02, 1.91940506e+02, 1.19770370e+02,
    2.05206573e+02, 1.31289078e+02, 2.18634750e+02, 1.42838913e+02,
    1.54111191e+02, 1.10497910e+02, 1.67310150e+02, 1.21933563e+02,
    1.80580353e+02, 1.33382492e+02, 1.93825256e+02, 1.44853561e+02,
    2.07149963e+02, 1.56379135e+02, 1.42957581e+02, 1.24079659e+02,
    1.56112976e+02, 1.35453461e+02, 1.69292999e+02, 1.46920227e+02,
    1.82530365e+02, 1.58353012e+02, 1.95782181e+02, 1.69880020e+02,
    1.31802856e+02, 1.37513580e+02, 1.44846237e+02, 1.48929138e+02,
    1.58034241e+02, 1.60372833e+02, 1.71245895e+02, 1.71848557e+02,
    1.84485291e+02, 1.83327454e+02, 1.20864120e+02, 1.50946732e+02,
    1.33690506e+02, 1.62354614e+02, 1.46840729e+02, 1.73783829e+02,
    1.60051727e+02, 1.85222977e+02, 1.73257950e+02, 1.96688171e+02,
    1.09627960e+02, 1.64381210e+02, 1.22575134e+02, 1.75732651e+02,
    1.35660431e+02, 1.87130814e+02, 1.48766541e+02, 1.98514648e+02,
    1.61943054e+02, 2.10045822e+02 ]
