%YAML:1.0
---
points: [ 6.73763733e+02, 5.27415222e+02, 7.27822144e+02, 5.32237061e+02,
    7.80096619e+02, 5.37143555e+02, 8.31282104e+02, 5.41827881e+02,
    8.81140137e+02, 5.46506775e+02, 6.68243408e+02, 5.79641602e+02,
    7.22548035e+02, 5.84126221e+02, 7.74908508e+02, 5.88189697e+02,
    8.25996887e+02, 5.92369934e+02, 8.76358887e+02, 5.96573364e+02,
    6.62223450e+02, 6.32141235e+02, 7.16726868e+02, 6.35708008e+02,
    7.69588928e+02, 6.39551025e+02, 8.21234436e+02, 6.43190979e+02,
    8.71750366e+02, 6.46675415e+02, 6.56623474e+02, 6.84917114e+02,
    7.11075989e+02, 6.88030518e+02, 7.64133484e+02, 6.91207214e+02,
    8.16173889e+02, 6.93958252e+02, 8.66878296e+02, 6.97087769e+02,
    6.50520081e+02, 7.38338074e+02, 7.05409119e+02, 7.40813904e+02,
    7.58694336e+02, 7.43234131e+02, 8.10732056e+02, 7.45343079e+02,
    8.61732971e+02, 7.47908142e+02, 6.44239807e+02, 7.91883179e+02,
    6.99517883e+02, 7.93972595e+02, 7.53275024e+02, 7.95615540e+02,
    8.05482666e+02, 7.97166809e+02, 8.56543884e+02, 7.98683655e+02,
    6.38150879e+02, 8.46247375e+02, 6.93642212e+02, 8.47556030e+02,
    7.47350037e+02, 8.48709900e+02, 7.99846741e+02, 8.49501038e+02,
    8.51516418e+02, 8.50599854e+02 ]
