%YAML:1.0
---
points: [ 6.82459229e+02, 1.69685318e+02, 7.20734375e+02, 2.03004074e+02,
    7.59225769e+02, 2.36401947e+02, 7.97704773e+02, 2.69610046e+02,
    8.36483276e+02, 3.03258972e+02, 6.49746704e+02, 2.09720795e+02,
    6.87949890e+02, 2.42859833e+02, 7.26145996e+02, 2.76197632e+02,
    7.64430847e+02, 3.09522095e+02, 8.03176758e+02, 3.42935547e+02,
    6.17334045e+02, 2.49226440e+02, 6.55287354e+02, 2.82404877e+02,
    6.93350647e+02, 3.15539185e+02, 7.31479736e+02, 3.48823212e+02,
    7.69809448e+02, 3.82346954e+02, 5.85221191e+02, 2.88498962e+02,
    6.22755127e+02, 3.21580078e+02, 6.60700317e+02, 3.54721222e+02,
    6.98791016e+02, 3.88018921e+02, 7.36954773e+02, 4.21436737e+02,
    5.52876343e+02, 3.27595642e+02, 5.90450073e+02, 3.60654510e+02,
    6.28319214e+02, 3.93823822e+02, 6.66280640e+02, 4.27144684e+02,
    7.04385681e+02, 4.60469818e+02, 5.20860168e+02, 3.66480591e+02,
    5.58256287e+02, 3.99632721e+02, 5.96039795e+02, 4.32703583e+02,
    6.34101746e+02, 4.65936554e+02, 6.71986450e+02, 4.99348175e+02,
    4.88742096e+02, 4.05304504e+02, 5.25921814e+02, 4.38364685e+02,
    5.63705750e+02, 4.71511505e+02, 6.01546631e+02, 5.04564178e+02,
    6.39410645e+02, 5.37869019e+02 ]
