%YAML:1.0
---
points: [ 3.23961670e+02, 1.75336609e+02, 3.38995453e+02, 1.82228958e+02,
    3.54695526e+02, 1.89385239e+02, 3.71159149e+02, 1.96995529e+02,
    3.88558685e+02, 2.05003021e+02, 3.16075775e+02, 1.90592361e+02,
    3.30797455e+02, 1.97822937e+02, 3.46214813e+02, 2.05327652e+02,
    3.62413269e+02, 2.13238556e+02, 3.79455688e+02, 2.21569748e+02,
    3.08188080e+02, 2.05627869e+02, 3.22725555e+02, 2.13153702e+02,
    3.37876373e+02, 2.21055557e+02, 3.53792023e+02, 2.29248230e+02,
    3.70542969e+02, 2.37942749e+02, 3.00562317e+02, 2.20478104e+02,
    3.14776428e+02, 2.28320633e+02, 3.29662933e+02, 2.36484299e+02,
    3.45327728e+02, 2.45103989e+02, 3.61815643e+02, 2.54119156e+02,
    2.92959686e+02, 2.35281204e+02, 3.06956451e+02, 2.43355255e+02,
    3.21611176e+02, 2.51892273e+02, 3.36994659e+02, 2.60777771e+02,
    3.53166321e+02, 2.70145813e+02, 2.85517883e+02, 2.49808868e+02,
    2.99224243e+02, 2.58310852e+02, 3.13672028e+02, 2.67113495e+02,
    3.28787109e+02, 2.76285797e+02, 3.44706543e+02, 2.85977020e+02,
    2.78097412e+02, 2.64389832e+02, 2.91539307e+02, 2.73115540e+02,
    3.05730255e+02, 2.82208160e+02, 3.20641296e+02, 2.91714752e+02,
    3.36236877e+02, 3.01684418e+02 ]
