%YAML:1.0
---
points: [ 2.44499863e+02, 1.39426437e+02, 2.57706909e+02, 1.45612686e+02,
    2.71171967e+02, 1.51970718e+02, 2.84991150e+02, 1.58332214e+02,
    2.99092133e+02, 1.65083847e+02, 2.37901917e+02, 1.53512985e+02,
    2.50897369e+02, 1.59863266e+02, 2.64181671e+02, 1.66311829e+02,
    2.77764343e+02, 1.72849258e+02, 2.91809875e+02, 1.79622864e+02,
    2.31259216e+02, 1.67451431e+02, 2.44155167e+02, 1.73870605e+02,
    2.57289490e+02, 1.80432800e+02, 2.70852814e+02, 1.87143494e+02,
    2.84593719e+02, 1.94086594e+02, 2.24828232e+02, 1.81191757e+02,
    2.37490845e+02, 1.87761765e+02, 2.50497955e+02, 1.94436600e+02,
    2.63849579e+02, 2.01292358e+02, 2.77487305e+02, 2.08353149e+02,
    2.18329727e+02, 1.94858948e+02, 2.30875046e+02, 2.01501923e+02,
    2.43815353e+02, 2.08357269e+02, 2.57036987e+02, 2.15337921e+02,
    2.70538513e+02, 2.22528214e+02, 2.11913742e+02, 2.08331711e+02,
    2.24360870e+02, 2.15224213e+02, 2.37175644e+02, 2.22176544e+02,
    2.50258545e+02, 2.29288513e+02, 2.63739227e+02, 2.36579529e+02,
    2.05484497e+02, 2.21836182e+02, 2.17842743e+02, 2.28746674e+02,
    2.30475952e+02, 2.35842529e+02, 2.43495819e+02, 2.43130356e+02,
    2.56797089e+02, 2.50566040e+02 ]
