%YAML:1.0
---
points: [ 2.28505417e+02, 1.31893326e+02, 2.39974548e+02, 1.41801361e+02,
    2.51522400e+02, 1.51844086e+02, 2.63234589e+02, 1.61982819e+02,
    2.75269470e+02, 1.72404175e+02, 2.18229980e+02, 1.43974258e+02,
    2.29428299e+02, 1.53948547e+02, 2.40917801e+02, 1.64025238e+02,
    2.52486832e+02, 1.74266891e+02, 2.64352386e+02, 1.84669174e+02,
    2.07777664e+02, 1.55913574e+02, 2.19055161e+02, 1.65886566e+02,
    2.30319611e+02, 1.76086960e+02, 2.41864685e+02, 1.86350922e+02,
    2.53555435e+02, 1.96914215e+02, 1.97547195e+02, 1.67780319e+02,
    2.08608002e+02, 1.77866653e+02, 2.19987503e+02, 1.88058319e+02,
    2.31238876e+02, 1.98443573e+02, 2.42918167e+02, 2.09077667e+02,
    1.87236221e+02, 1.79587112e+02, 1.98213211e+02, 1.89761948e+02,
    2.09378571e+02, 2.00099716e+02, 2.20728302e+02, 2.10555756e+02,
    2.32183411e+02, 2.21232071e+02, 1.77017075e+02, 1.91350037e+02,
    1.87830719e+02, 2.01608887e+02, 1.98954620e+02, 2.12057938e+02,
    2.10208908e+02, 2.22617035e+02, 2.21642319e+02, 2.33319565e+02,
    1.66737259e+02, 2.03156967e+02, 1.77518372e+02, 2.13449722e+02,
    1.88463806e+02, 2.23972015e+02, 1.99596252e+02, 2.34509888e+02,
    2.10945465e+02, 2.45412933e+02 ]
