%YAML:1.0
---
points: [ 8.41834167e+02, 3.11149078e+02, 8.74386292e+02, 3.39780457e+02,
    9.07236938e+02, 3.68799744e+02, 9.40659241e+02, 3.98476624e+02,
    9.74767334e+02, 4.28526337e+02, 8.11589661e+02, 3.46072723e+02,
    8.43817749e+02, 3.74928223e+02, 8.76411499e+02, 4.04272919e+02,
    9.09509033e+02, 4.34000519e+02, 9.43379395e+02, 4.64360107e+02,
    7.81681824e+02, 3.80548737e+02, 8.13443237e+02, 4.09737305e+02,
    8.45685791e+02, 4.39274994e+02, 8.78507202e+02, 4.69281525e+02,
    9.11901550e+02, 4.99886047e+02, 7.52001953e+02, 4.15057312e+02,
    7.83248047e+02, 4.44416809e+02, 8.15213440e+02, 4.74207886e+02,
    8.47718384e+02, 5.04388824e+02, 8.80856445e+02, 5.35307739e+02,
    7.22158569e+02, 4.49469391e+02, 7.53184204e+02, 4.79022980e+02,
    7.84786316e+02, 5.08987701e+02, 8.17153625e+02, 5.39539673e+02,
    8.50070251e+02, 5.70613159e+02, 6.92585388e+02, 4.83661713e+02,
    7.23259583e+02, 5.13510620e+02, 7.54743958e+02, 5.43671753e+02,
    7.86775330e+02, 5.74403564e+02, 8.19452881e+02, 6.05698914e+02,
    6.62870483e+02, 5.17724731e+02, 6.93308777e+02, 5.47874268e+02,
    7.24567932e+02, 5.78243591e+02, 7.56308716e+02, 6.09306641e+02,
    7.88451599e+02, 6.40811951e+02 ]
