%YAML:1.0
---
points: [ 6.63862427e+02, 5.31676880e+02, 7.17746277e+02, 5.36402161e+02,
    7.69852051e+02, 5.41098694e+02, 8.20919861e+02, 5.45534912e+02,
    8.70547546e+02, 5.50258057e+02, 6.58857849e+02, 5.83785156e+02,
    7.12905090e+02, 5.87964966e+02, 7.65273438e+02, 5.92083801e+02,
    8.16294189e+02, 5.96192017e+02, 8.66219543e+02, 5.99762329e+02,
    6.53581909e+02, 6.36198792e+02, 7.07931885e+02, 6.39666382e+02,
    7.60436890e+02, 6.43286377e+02, 8.11975464e+02, 6.46378113e+02,
    8.62174683e+02, 6.49661072e+02, 6.48326233e+02, 6.88772827e+02,
    7.02809143e+02, 6.91776794e+02, 7.55849670e+02, 6.94474854e+02,
    8.07337036e+02, 6.97105652e+02, 8.58006714e+02, 6.99682983e+02,
    6.42706726e+02, 7.42170715e+02, 6.97640137e+02, 7.44406433e+02,
    7.50729919e+02, 7.46350525e+02, 8.02611145e+02, 7.48368103e+02,
    8.53294189e+02, 7.50285156e+02, 6.37373047e+02, 7.95544312e+02,
    6.92372986e+02, 7.97273499e+02, 7.45782166e+02, 7.98400146e+02,
    7.97715881e+02, 7.99836060e+02, 8.48690796e+02, 8.01146423e+02,
    6.31528320e+02, 8.49749756e+02, 6.86853882e+02, 8.50612732e+02,
    7.40661743e+02, 8.51246887e+02, 7.92987854e+02, 8.51709045e+02,
    8.44115540e+02, 8.52561707e+02 ]
