%YAML:1.0
---
points: [ 7.64638550e+02, 5.34090881e+02, 8.14029175e+02, 5.38521606e+02,
    8.62133179e+02, 5.42679321e+02, 9.08979797e+02, 5.46689575e+02,
    9.55094238e+02, 5.50671021e+02, 7.60127747e+02, 5.83118164e+02,
    8.09700012e+02, 5.86972412e+02, 8.58055115e+02, 5.90708740e+02,
    9.05225403e+02, 5.94264771e+02, 9.51410828e+02, 5.97692444e+02,
    7.55614929e+02, 6.32274780e+02, 8.05630737e+02, 6.35462341e+02,
    8.53805664e+02, 6.38700623e+02, 9.01335632e+02, 6.41786865e+02,
    9.47814819e+02, 6.44915344e+02, 7.51032593e+02, 6.81457642e+02,
    8.01264099e+02, 6.84303650e+02, 8.49680603e+02, 6.86957825e+02,
    8.97354797e+02, 6.89627380e+02, 9.44087891e+02, 6.92244995e+02,
    7.46377380e+02, 7.31269531e+02, 7.96629822e+02, 7.33608276e+02,
    8.45435913e+02, 7.35638428e+02, 8.93143127e+02, 7.37761902e+02,
    9.39918274e+02, 7.39694702e+02, 7.41548462e+02, 7.81401123e+02,
    7.92150635e+02, 7.83112427e+02, 8.41114197e+02, 7.84649963e+02,
    8.89157104e+02, 7.86251770e+02, 9.36134949e+02, 7.87560425e+02,
    7.36646179e+02, 8.32029663e+02, 7.87332153e+02, 8.33290527e+02,
    8.36677063e+02, 8.34132385e+02, 8.84806458e+02, 8.34907471e+02,
    9.32140015e+02, 8.35986267e+02 ]
