%YAML:1.0
---
points: [ 1.89157074e+02, 9.66425323e+01, 2.01558151e+02, 1.07325081e+02,
    2.13915634e+02, 1.17989639e+02, 2.26135117e+02, 1.28638428e+02,
    2.38471603e+02, 1.39302002e+02, 1.78778183e+02, 1.09250351e+02,
    1.91153183e+02, 1.19917801e+02, 2.03416916e+02, 1.30548264e+02,
    2.15743027e+02, 1.41144501e+02, 2.27919403e+02, 1.51720108e+02,
    1.68420410e+02, 1.21729599e+02, 1.80783035e+02, 1.32355484e+02,
    1.93088394e+02, 1.42957886e+02, 2.05410538e+02, 1.53497772e+02,
    2.17545593e+02, 1.64066406e+02, 1.58180038e+02, 1.34138885e+02,
    1.70457550e+02, 1.44767471e+02, 1.82768524e+02, 1.55260086e+02,
    1.95023239e+02, 1.65811966e+02, 2.07314072e+02, 1.76259979e+02,
    1.47848038e+02, 1.46423660e+02, 1.60131943e+02, 1.57047165e+02,
    1.72454300e+02, 1.67549194e+02, 1.84766708e+02, 1.78042664e+02,
    1.96942215e+02, 1.88508011e+02, 1.37699692e+02, 1.58790817e+02,
    1.49871613e+02, 1.69324722e+02, 1.62153778e+02, 1.79787933e+02,
    1.74499161e+02, 1.90231125e+02, 1.86744385e+02, 2.00625702e+02,
    1.27346466e+02, 1.71065140e+02, 1.39635605e+02, 1.81569244e+02,
    1.51908905e+02, 1.91960754e+02, 1.64116516e+02, 2.02377289e+02,
    1.76392853e+02, 2.12787933e+02 ]
