%YAML:1.0
---
points: [ 7.25839905e+02, 2.09115601e+02, 7.61726501e+02, 2.40118469e+02,
    7.97575623e+02, 2.70948700e+02, 8.33229492e+02, 3.01761627e+02,
    8.69037964e+02, 3.32547546e+02, 6.95724426e+02, 2.45544067e+02,
    7.31619446e+02, 2.76527252e+02, 7.67281189e+02, 3.07304962e+02,
    8.02911743e+02, 3.37892181e+02, 8.38532166e+02, 3.68632935e+02,
    6.65927368e+02, 2.81655396e+02, 7.01542114e+02, 3.12477539e+02,
    7.37173279e+02, 3.43187805e+02, 7.72730530e+02, 3.73753632e+02,
    8.08364990e+02, 4.04434540e+02, 6.36352966e+02, 3.17597168e+02,
    6.71790283e+02, 3.48349304e+02, 7.07372620e+02, 3.78927307e+02,
    7.42731079e+02, 4.09415771e+02, 7.78394714e+02, 4.39938110e+02,
    6.06551880e+02, 3.53497345e+02, 6.42025513e+02, 3.84162811e+02,
    6.77575134e+02, 4.14582458e+02, 7.13002930e+02, 4.45056000e+02,
    7.48448914e+02, 4.75447601e+02, 5.77036133e+02, 3.89167664e+02,
    6.12397278e+02, 4.19724823e+02, 6.47988953e+02, 4.50125549e+02,
    6.83493225e+02, 4.80431732e+02, 7.18865601e+02, 5.10707886e+02,
    5.47351990e+02, 4.24706299e+02, 5.82750610e+02, 4.55236237e+02,
    6.18298645e+02, 4.85489685e+02, 6.53723389e+02, 5.15677490e+02,
    6.89108215e+02, 5.45940796e+02 ]
