%YAML:1.0
---
points: [ 2.34326889e+02, 1.32993256e+02, 2.47349808e+02, 1.39155457e+02,
    2.60667236e+02, 1.45442917e+02, 2.74160614e+02, 1.51768799e+02,
    2.87955536e+02, 1.58295822e+02, 2.27917114e+02, 1.46873169e+02,
    2.40811523e+02, 1.53129913e+02, 2.53990524e+02, 1.59458054e+02,
    2.67300446e+02, 1.65987320e+02, 2.80986115e+02, 1.72490295e+02,
    2.21441681e+02, 1.60550522e+02, 2.34277588e+02, 1.66898773e+02,
    2.47272827e+02, 1.73354843e+02, 2.60504211e+02, 1.79929962e+02,
    2.74053558e+02, 1.86575119e+02, 2.15185699e+02, 1.74145523e+02,
    2.27844971e+02, 1.80548920e+02, 2.40761810e+02, 1.87094421e+02,
    2.53828018e+02, 1.93739319e+02, 2.67236145e+02, 2.00467514e+02,
    2.08873917e+02, 1.87503510e+02, 2.21461502e+02, 1.94095123e+02,
    2.34224777e+02, 2.00710648e+02, 2.47247421e+02, 2.07441040e+02,
    2.60518707e+02, 2.14320877e+02, 2.02703690e+02, 2.00852249e+02,
    2.15077225e+02, 2.07492126e+02, 2.27832108e+02, 2.14191315e+02,
    2.40791656e+02, 2.21145035e+02, 2.53953690e+02, 2.28009537e+02,
    1.96430710e+02, 2.14156448e+02, 2.08770935e+02, 2.20818466e+02,
    2.21410568e+02, 2.27682419e+02, 2.34242142e+02, 2.34537445e+02,
    2.47277237e+02, 2.41596619e+02 ]
