%YAML:1.0
---
points: [ 8.96523438e+02, 5.35747620e+02, 9.41812744e+02, 5.39515808e+02,
    9.85774597e+02, 5.43360107e+02, 1.02904089e+03, 5.46735291e+02,
    1.07159351e+03, 5.50320129e+02, 8.92790344e+02, 5.81815979e+02,
    9.38450378e+02, 5.85287048e+02, 9.82428345e+02, 5.88447815e+02,
    1.02587048e+03, 5.91657898e+02, 1.06882593e+03, 5.94704468e+02,
    8.89415527e+02, 6.27953796e+02, 9.34795715e+02, 6.30661865e+02,
    9.79374817e+02, 6.33719177e+02, 1.02275671e+03, 6.36451965e+02,
    1.06571436e+03, 6.39183594e+02, 8.85638367e+02, 6.73937744e+02,
    9.31496887e+02, 6.76556763e+02, 9.75836365e+02, 6.79001892e+02,
    1.01952399e+03, 6.81372559e+02, 1.06276660e+03, 6.83677551e+02,
    8.81801208e+02, 7.20370728e+02, 9.27869873e+02, 7.22717407e+02,
    9.72465637e+02, 7.24592834e+02, 1.01631451e+03, 7.26599182e+02,
    1.05938879e+03, 7.28605225e+02, 8.78177002e+02, 7.67187683e+02,
    9.24287231e+02, 7.69043396e+02, 9.68987061e+02, 7.70521484e+02,
    1.01260461e+03, 7.71932312e+02, 1.05593567e+03, 7.73546326e+02,
    8.74455933e+02, 8.14359741e+02, 9.20550598e+02, 8.15739136e+02,
    9.65367249e+02, 8.16895325e+02, 1.00935510e+03, 8.17861267e+02,
    1.05286108e+03, 8.18904907e+02 ]
