%YAML:1.0
---
points: [ 1.03087170e+03, 4.77162689e+02, 1.06166406e+03, 5.04270844e+02,
    1.09302698e+03, 5.31702454e+02, 1.12497070e+03, 5.59880554e+02,
    1.15784338e+03, 5.88782288e+02, 1.00287134e+03, 5.08740845e+02,
    1.03329199e+03, 5.36153259e+02, 1.06430151e+03, 5.63962341e+02,
    1.09583020e+03, 5.92419189e+02, 1.12831384e+03, 6.21571289e+02,
    9.75086182e+02, 5.40159302e+02, 1.00505481e+03, 5.67876892e+02,
    1.03565540e+03, 5.95903381e+02, 1.06692603e+03, 6.24750122e+02,
    1.09898401e+03, 6.54116760e+02, 9.47491394e+02, 5.71435181e+02,
    9.77083008e+02, 5.99392212e+02, 1.00727155e+03, 6.27699768e+02,
    1.03815491e+03, 6.56779541e+02, 1.06979785e+03, 6.86643433e+02,
    9.19878113e+02, 6.02590515e+02, 9.49071777e+02, 6.30869751e+02,
    9.78882996e+02, 6.59498108e+02, 1.00951282e+03, 6.88943481e+02,
    1.04087048e+03, 7.18980225e+02, 8.92398254e+02, 6.33655884e+02,
    9.21223389e+02, 6.62287292e+02, 9.50796021e+02, 6.91203369e+02,
    9.81108887e+02, 7.20758484e+02, 1.01200378e+03, 7.51231384e+02,
    8.64825867e+02, 6.64624146e+02, 8.93386536e+02, 6.93546021e+02,
    9.22597290e+02, 7.22750916e+02, 9.52511780e+02, 7.52702026e+02,
    9.83093994e+02, 7.83424072e+02 ]
