%YAML:1.0
---
points: [ 2.21652374e+02, 1.28780899e+02, 2.34329071e+02, 1.34749512e+02,
    2.47210953e+02, 1.40786621e+02, 2.60216797e+02, 1.46829285e+02,
    2.73399017e+02, 1.53077866e+02, 2.15580154e+02, 1.42189285e+02,
    2.28216461e+02, 1.48199570e+02, 2.41027954e+02, 1.54235565e+02,
    2.53824341e+02, 1.60353012e+02, 2.66995880e+02, 1.66565399e+02,
    2.09566376e+02, 1.55394821e+02, 2.22153885e+02, 1.61445770e+02,
    2.34798447e+02, 1.67583893e+02, 2.47583359e+02, 1.73774902e+02,
    2.60562531e+02, 1.80060776e+02, 2.03656296e+02, 1.68480484e+02,
    2.16098892e+02, 1.74652786e+02, 2.28649200e+02, 1.80794464e+02,
    2.41396881e+02, 1.87060959e+02, 2.54307770e+02, 1.93286011e+02,
    1.97721237e+02, 1.81494598e+02, 2.10121521e+02, 1.87652573e+02,
    2.22608078e+02, 1.93904831e+02, 2.35265381e+02, 2.00144363e+02,
    2.48036041e+02, 2.06516068e+02, 1.91885834e+02, 1.94375885e+02,
    2.04163788e+02, 2.00622223e+02, 2.16596649e+02, 2.06893738e+02,
    2.29193832e+02, 2.13202713e+02, 2.41939560e+02, 2.19574661e+02,
    1.85994110e+02, 2.07220657e+02, 1.98210999e+02, 2.13473679e+02,
    2.10596710e+02, 2.19821014e+02, 2.23125000e+02, 2.26199326e+02,
    2.35754959e+02, 2.32659607e+02 ]
