%YAML:1.0
---
points: [ 2.91341248e+02, 1.88876923e+02, 3.02238708e+02, 1.98159439e+02,
    3.13346741e+02, 2.07650406e+02, 3.24669006e+02, 2.17278839e+02,
    3.36537384e+02, 2.27286621e+02, 2.81687988e+02, 1.99747375e+02,
    2.92428070e+02, 2.09161118e+02, 3.03342255e+02, 2.18716690e+02,
    3.14552063e+02, 2.28532867e+02, 3.25911804e+02, 2.38644928e+02,
    2.72089325e+02, 2.10574326e+02, 2.82689392e+02, 2.20080612e+02,
    2.93490234e+02, 2.29736023e+02, 3.04582123e+02, 2.39616135e+02,
    3.14386108e+02, 2.48177826e+02, 2.62616608e+02, 2.21337326e+02,
    2.73019104e+02, 2.30931915e+02, 2.83713593e+02, 2.40687332e+02,
    2.94700073e+02, 2.50722672e+02, 3.06147491e+02, 2.61060699e+02,
    2.53084412e+02, 2.32056610e+02, 2.63399353e+02, 2.41757904e+02,
    2.73938202e+02, 2.51649780e+02, 2.84890930e+02, 2.61834351e+02,
    2.95893677e+02, 2.72201233e+02, 2.43586182e+02, 2.42762543e+02,
    2.53780334e+02, 2.52620316e+02, 2.64210480e+02, 2.62584900e+02,
    2.74992310e+02, 2.72838867e+02, 2.86050842e+02, 2.83377716e+02,
    2.34092606e+02, 2.53438187e+02, 2.44228210e+02, 2.63383850e+02,
    2.54503250e+02, 2.73492950e+02, 2.65146820e+02, 2.83874298e+02,
    2.75997986e+02, 2.94594849e+02 ]
