%YAML:1.0
---
points: [ 1.27257727e+03, 5.65418030e+02, 1.32349512e+03, 5.69771118e+02,
    1.37532788e+03, 5.74414673e+02, 1.42839136e+03, 5.78929077e+02,
    1.48297095e+03, 5.83477600e+02, 1.26875122e+03, 6.13827026e+02,
    1.31957776e+03, 6.18874939e+02, 1.37145361e+03, 6.23924500e+02,
    1.42457300e+03, 6.29317261e+02, 1.47949158e+03, 6.34566650e+02,
    1.26467639e+03, 6.62373291e+02, 1.31589001e+03, 6.68106567e+02,
    1.36782092e+03, 6.73959412e+02, 1.42118164e+03, 6.79844299e+02,
    1.47597864e+03, 6.85849976e+02, 1.26075098e+03, 7.11258606e+02,
    1.31207605e+03, 7.17611633e+02, 1.36420703e+03, 7.23927368e+02,
    1.41751038e+03, 7.30408569e+02, 1.47260437e+03, 7.37237427e+02,
    1.25695496e+03, 7.60356750e+02, 1.30832056e+03, 7.67288879e+02,
    1.36029309e+03, 7.74459106e+02, 1.41394080e+03, 7.81605835e+02,
    1.46883630e+03, 7.88962036e+02, 1.25318823e+03, 8.09622009e+02,
    1.30448779e+03, 8.17544067e+02, 1.35674316e+03, 8.25039551e+02,
    1.41024548e+03, 8.33011047e+02, 1.46506592e+03, 8.40585205e+02,
    1.24917578e+03, 8.59671509e+02, 1.30076294e+03, 8.67943604e+02,
    1.35313440e+03, 8.76200623e+02, 1.40643811e+03, 8.84562439e+02,
    1.46149109e+03, 8.92984863e+02 ]
