%YAML:1.0
---
points: [ 2.36479706e+02, 1.34400986e+02, 2.48350647e+02, 1.39847229e+02,
    2.60226868e+02, 1.45298996e+02, 2.72206116e+02, 1.50808624e+02,
    2.84324341e+02, 1.56363693e+02, 2.31065445e+02, 1.46658890e+02,
    2.42756302e+02, 1.52180603e+02, 2.54587830e+02, 1.57614380e+02,
    2.66425262e+02, 1.63198929e+02, 2.78472656e+02, 1.68655319e+02,
    2.25579224e+02, 1.58779221e+02, 2.37272720e+02, 1.64223083e+02,
    2.49013992e+02, 1.69828400e+02, 2.60849945e+02, 1.75272110e+02,
    2.72665894e+02, 1.81015228e+02, 2.20283081e+02, 1.70726074e+02,
    2.31853363e+02, 1.76288513e+02, 2.43485748e+02, 1.81777023e+02,
    2.55244431e+02, 1.87372650e+02, 2.67246857e+02, 1.92968719e+02,
    2.14853790e+02, 1.82646790e+02, 2.26422760e+02, 1.88206451e+02,
    2.38026016e+02, 1.93752655e+02, 2.49770630e+02, 1.99337524e+02,
    2.61448425e+02, 2.05075363e+02, 2.09595779e+02, 1.94412552e+02,
    2.21087585e+02, 2.00074997e+02, 2.32590515e+02, 2.05646881e+02,
    2.44254822e+02, 2.11254654e+02, 2.56041656e+02, 2.16927750e+02,
    2.04258118e+02, 2.06209366e+02, 2.15697845e+02, 2.11796066e+02,
    2.27180359e+02, 2.17387070e+02, 2.38791275e+02, 2.23096146e+02,
    2.50441223e+02, 2.28765213e+02 ]
