%YAML:1.0
---
points: [ 2.42749313e+02, 1.43629715e+02, 2.53227539e+02, 1.52533798e+02,
    2.63691284e+02, 1.61489716e+02, 2.74232086e+02, 1.70423218e+02,
    2.85005127e+02, 1.79564270e+02, 2.33721619e+02, 1.54363403e+02,
    2.44108200e+02, 1.63279648e+02, 2.54529892e+02, 1.72209335e+02,
    2.65052673e+02, 1.81218597e+02, 2.75719696e+02, 1.90372742e+02,
    2.24729370e+02, 1.65036713e+02, 2.35087265e+02, 1.73895248e+02,
    2.45434830e+02, 1.82925049e+02, 2.55928009e+02, 1.91858414e+02,
    2.66476868e+02, 2.00989059e+02, 2.15812088e+02, 1.75544708e+02,
    2.26123901e+02, 1.84492233e+02, 2.36432388e+02, 1.93439346e+02,
    2.46843842e+02, 2.02508881e+02, 2.57497833e+02, 2.11599487e+02,
    2.06907623e+02, 1.86049759e+02, 2.17168396e+02, 1.95051743e+02,
    2.27406525e+02, 2.04007248e+02, 2.37851959e+02, 2.13117905e+02,
    2.48207718e+02, 2.22265549e+02, 1.98034576e+02, 1.96488327e+02,
    2.08175735e+02, 2.05553253e+02, 2.18439255e+02, 2.14567093e+02,
    2.28761932e+02, 2.23677322e+02, 2.39208115e+02, 2.32847168e+02,
    1.89109741e+02, 2.07061783e+02, 1.99233932e+02, 2.16047531e+02,
    2.09434601e+02, 2.25094910e+02, 2.19745773e+02, 2.34189804e+02,
    2.30098541e+02, 2.43395248e+02 ]
