%YAML:1.0
---
points: [ 8.92704041e+02, 3.45463348e+02, 9.22754028e+02, 3.71296539e+02,
    9.52853943e+02, 3.97207825e+02, 9.83386353e+02, 4.23394012e+02,
    1.01427362e+03, 4.49757507e+02, 8.66466370e+02, 3.76469727e+02,
    8.96467041e+02, 4.02447937e+02, 9.26395325e+02, 4.28377655e+02,
    9.56639465e+02, 4.54547363e+02, 9.87357605e+02, 4.81097198e+02,
    8.40441101e+02, 4.07288086e+02, 8.70208679e+02, 4.33210785e+02,
    9.00055298e+02, 4.59283325e+02, 9.30176636e+02, 4.85514160e+02,
    9.60626648e+02, 5.12166260e+02, 8.14518372e+02, 4.37786957e+02,
    8.44152893e+02, 4.63835022e+02, 8.73792969e+02, 4.90077545e+02,
    9.03770020e+02, 5.16396729e+02, 9.34168945e+02, 5.43098267e+02,
    7.88574219e+02, 4.68475861e+02, 8.18043396e+02, 4.94595337e+02,
    8.47650208e+02, 5.20841675e+02, 8.77567444e+02, 5.47306946e+02,
    9.07717163e+02, 5.73973877e+02, 7.62837585e+02, 4.98903442e+02,
    7.92133728e+02, 5.25215332e+02, 8.21648621e+02, 5.51474060e+02,
    8.51536255e+02, 5.77907898e+02, 8.81502808e+02, 6.04668335e+02,
    7.37013000e+02, 5.29308655e+02, 7.66219604e+02, 5.55621887e+02,
    7.95593689e+02, 5.81946228e+02, 8.25372192e+02, 6.08499573e+02,
    8.55226318e+02, 6.35366882e+02 ]
