%YAML:1.0
---
points: [ 1.57382446e+02, 7.07406311e+01, 1.68973541e+02, 8.05516968e+01,
    1.80413116e+02, 9.03421249e+01, 1.91781906e+02, 1.00057930e+02,
    2.03066345e+02, 1.09737930e+02, 1.48262222e+02, 8.21746063e+01,
    1.59828842e+02, 9.19600067e+01, 1.71295395e+02, 1.01648659e+02,
    1.82691177e+02, 1.11299072e+02, 1.94066101e+02, 1.20855125e+02,
    1.39149353e+02, 9.35157928e+01, 1.50749496e+02, 1.03247665e+02,
    1.62254791e+02, 1.12873146e+02, 1.73662003e+02, 1.22405945e+02,
    1.85004608e+02, 1.31937439e+02, 1.30146820e+02, 1.04852478e+02,
    1.41740860e+02, 1.14456871e+02, 1.53301071e+02, 1.24075043e+02,
    1.64710571e+02, 1.33491745e+02, 1.76103806e+02, 1.42903656e+02,
    1.21094170e+02, 1.16157890e+02, 1.32725266e+02, 1.25728783e+02,
    1.44268646e+02, 1.35191116e+02, 1.55794891e+02, 1.44574097e+02,
    1.67179596e+02, 1.53876022e+02, 1.12096161e+02, 1.27345551e+02,
    1.23720848e+02, 1.36915588e+02, 1.35346786e+02, 1.46246811e+02,
    1.46879105e+02, 1.55574249e+02, 1.58279007e+02, 1.64786514e+02,
    1.03107925e+02, 1.38576279e+02, 1.14751320e+02, 1.47996140e+02,
    1.26380272e+02, 1.57285110e+02, 1.37978317e+02, 1.66480194e+02,
    1.49370316e+02, 1.75680206e+02 ]
