%YAML:1.0
---
points: [ 2.76209351e+02, 1.51348602e+02, 2.87068787e+02, 1.56303070e+02,
    2.98035156e+02, 1.61398926e+02, 3.09145569e+02, 1.66483383e+02,
    3.20583954e+02, 1.71738953e+02, 2.70908600e+02, 1.62440399e+02,
    2.81648743e+02, 1.67591751e+02, 2.92507843e+02, 1.72654953e+02,
    3.03534454e+02, 1.77891464e+02, 3.14831207e+02, 1.83084427e+02,
    2.65628815e+02, 1.73518036e+02, 2.76281494e+02, 1.78606857e+02,
    2.87148254e+02, 1.83831802e+02, 2.98108887e+02, 1.89021500e+02,
    3.09062134e+02, 1.94405640e+02, 2.60490417e+02, 1.84391220e+02,
    2.71038788e+02, 1.89621979e+02, 2.81786560e+02, 1.94843521e+02,
    2.92680756e+02, 2.00195557e+02, 3.03935059e+02, 2.05498291e+02,
    2.55291229e+02, 1.95252106e+02, 2.65824219e+02, 2.00457016e+02,
    2.76384857e+02, 2.05796097e+02, 2.87298187e+02, 2.11176788e+02,
    2.98303192e+02, 2.16671158e+02, 2.50254837e+02, 2.06020050e+02,
    2.60622681e+02, 2.11332535e+02, 2.71227142e+02, 2.16664337e+02,
    2.81961060e+02, 2.22164108e+02, 2.92898499e+02, 2.27697174e+02,
    2.45176239e+02, 2.16702347e+02, 2.55395142e+02, 2.22135086e+02,
    2.65947754e+02, 2.27502213e+02, 2.76659576e+02, 2.33044785e+02,
    2.87467438e+02, 2.38669205e+02 ]
