%YAML:1.0
---
points: [ 6.42322266e+02, 1.33689270e+02, 6.76376404e+02, 1.62579361e+02,
    7.09787537e+02, 1.91067352e+02, 7.43081665e+02, 2.19311935e+02,
    7.76185547e+02, 2.47205200e+02, 6.15901306e+02, 1.66909851e+02,
    6.49974121e+02, 1.95564835e+02, 6.83581421e+02, 2.23782471e+02,
    7.16792969e+02, 2.51744965e+02, 7.49908997e+02, 2.79456970e+02,
    5.89610535e+02, 1.99888992e+02, 6.23771301e+02, 2.28302032e+02,
    6.57488831e+02, 2.56352448e+02, 6.90728027e+02, 2.84035828e+02,
    7.23873596e+02, 3.11456482e+02, 5.63571777e+02, 2.32694733e+02,
    5.97687073e+02, 2.60818878e+02, 6.31463684e+02, 2.88604218e+02,
    6.64814148e+02, 3.16069061e+02, 6.98064331e+02, 3.43243164e+02,
    5.37370605e+02, 2.65442627e+02, 5.71553284e+02, 2.93357208e+02,
    6.05539307e+02, 3.20823425e+02, 6.39126892e+02, 3.48070221e+02,
    6.72273193e+02, 3.75163208e+02, 5.11445190e+02, 2.97997498e+02,
    5.45613403e+02, 3.25602478e+02, 5.79672668e+02, 3.53033569e+02,
    6.13438965e+02, 3.79971100e+02, 6.46704834e+02, 4.06714142e+02,
    4.85326294e+02, 3.30426910e+02, 5.19630798e+02, 3.57829926e+02,
    5.53727478e+02, 3.84978302e+02, 5.87638733e+02, 4.11663147e+02,
    6.20932739e+02, 4.38299622e+02 ]
