%YAML:1.0
---
points: [ 9.69321716e+02, 5.47184448e+02, 1.01642059e+03, 5.51085388e+02,
    1.06360254e+03, 5.55292908e+02, 1.11101843e+03, 5.59441772e+02,
    1.15869153e+03, 5.63476746e+02, 9.64980225e+02, 5.94575500e+02,
    1.01232532e+03, 5.98683411e+02, 1.05949512e+03, 6.02973145e+02,
    1.10714246e+03, 6.07282776e+02, 1.15494568e+03, 6.11522034e+02,
    9.60705811e+02, 6.42033081e+02, 1.00808209e+03, 6.46402771e+02,
    1.05547742e+03, 6.50627808e+02, 1.10322998e+03, 6.55110229e+02,
    1.15141724e+03, 6.59563721e+02, 9.56526001e+02, 6.89677002e+02,
    1.00402606e+03, 6.94221130e+02, 1.05158386e+03, 6.98618896e+02,
    1.09947363e+03, 7.03214417e+02, 1.14765869e+03, 7.07719055e+02,
    9.52400024e+02, 7.37750427e+02, 9.99975830e+02, 7.42484131e+02,
    1.04753418e+03, 7.47027100e+02, 1.09549280e+03, 7.51583984e+02,
    1.14371521e+03, 7.56409790e+02, 9.48159119e+02, 7.86193176e+02,
    9.95804382e+02, 7.91066101e+02, 1.04358179e+03, 7.95670471e+02,
    1.09147693e+03, 8.00499268e+02, 1.13988708e+03, 8.05159973e+02,
    9.43529114e+02, 8.34741211e+02, 9.91439636e+02, 8.39829285e+02,
    1.03939807e+03, 8.44635803e+02, 1.08753699e+03, 8.49603027e+02,
    1.13636365e+03, 8.54684021e+02 ]
