%YAML:1.0
---
points: [ 7.80481628e+02, 2.41772873e+02, 8.09458862e+02, 2.66747559e+02,
    8.38405457e+02, 2.91728699e+02, 8.67459534e+02, 3.16704224e+02,
    8.96606323e+02, 3.41813202e+02, 7.55674561e+02, 2.71648682e+02,
    7.84503174e+02, 2.96605591e+02, 8.13393066e+02, 3.21557404e+02,
    8.42354004e+02, 3.46613434e+02, 8.71446228e+02, 3.71666962e+02,
    7.31021484e+02, 3.01306030e+02, 7.59726868e+02, 3.26282990e+02,
    7.88502136e+02, 3.51172058e+02, 8.17339233e+02, 3.76136780e+02,
    8.46380615e+02, 4.01232849e+02, 7.06587402e+02, 3.30791962e+02,
    7.35177490e+02, 3.55663239e+02, 7.63775574e+02, 3.80564697e+02,
    7.92588684e+02, 4.05539307e+02, 8.21449646e+02, 4.30641388e+02,
    6.82183044e+02, 3.60235016e+02, 7.10519958e+02, 3.85106964e+02,
    7.39208008e+02, 4.10003418e+02, 7.67823914e+02, 4.35061005e+02,
    7.96671082e+02, 4.60085632e+02, 6.57765564e+02, 3.89459106e+02,
    6.86117432e+02, 4.14467651e+02, 7.14654907e+02, 4.39356873e+02,
    7.43332581e+02, 4.64330170e+02, 7.72183655e+02, 4.89355469e+02,
    6.33387207e+02, 4.18674011e+02, 6.61636047e+02, 4.43614655e+02,
    6.90091003e+02, 4.68545563e+02, 7.18638916e+02, 4.93537292e+02,
    7.47352112e+02, 5.18549255e+02 ]
