%YAML:1.0
---
points: [ 3.20770081e+02, 1.73227112e+02, 3.31712463e+02, 1.78237595e+02,
    3.42998840e+02, 1.83379974e+02, 3.54539612e+02, 1.88730164e+02,
    3.66455292e+02, 1.94221329e+02, 3.15173096e+02, 1.84206940e+02,
    3.25938416e+02, 1.89385101e+02, 3.37064484e+02, 1.94680405e+02,
    3.48513733e+02, 2.00190720e+02, 3.60337189e+02, 2.05747726e+02,
    3.09522949e+02, 1.95133514e+02, 3.20252380e+02, 2.00369110e+02,
    3.31215302e+02, 2.05879013e+02, 3.42562164e+02, 2.11390900e+02,
    3.54210236e+02, 2.17225677e+02, 3.04129700e+02, 2.05922836e+02,
    3.14579010e+02, 2.11340225e+02, 3.25495911e+02, 2.16942123e+02,
    3.36698395e+02, 2.22652527e+02, 3.48278442e+02, 2.28443710e+02,
    2.98569000e+02, 2.16687897e+02, 3.09089172e+02, 2.22192551e+02,
    3.19855957e+02, 2.27946075e+02, 3.30922546e+02, 2.33784882e+02,
    3.42296844e+02, 2.39838257e+02, 2.93182343e+02, 2.27279831e+02,
    3.03540314e+02, 2.33052917e+02, 3.14188721e+02, 2.38790146e+02,
    3.25180878e+02, 2.44768875e+02, 3.36455719e+02, 2.51007507e+02,
    2.87798950e+02, 2.37909698e+02, 2.98064087e+02, 2.43716751e+02,
    3.08522522e+02, 2.49677216e+02, 3.19431732e+02, 2.55792267e+02,
    3.30657288e+02, 2.62134583e+02 ]
