%YAML:1.0
---
points: [ 8.17810486e+02, 5.37473145e+02, 8.66609436e+02, 5.41577393e+02,
    9.14916626e+02, 5.45686951e+02, 9.63153992e+02, 5.49900146e+02,
    1.01110822e+03, 5.54143860e+02, 8.13250977e+02, 5.86302185e+02,
    8.62268860e+02, 5.90428406e+02, 9.10619202e+02, 5.94452820e+02,
    9.58799255e+02, 5.98406616e+02, 1.00700421e+03, 6.02492554e+02,
    8.08663757e+02, 6.34880432e+02, 8.57757935e+02, 6.39040283e+02,
    9.06405396e+02, 6.43189453e+02, 9.54592102e+02, 6.47101196e+02,
    1.00289551e+03, 6.51062378e+02, 8.04123108e+02, 6.83913879e+02,
    8.53402710e+02, 6.87988342e+02, 9.01944092e+02, 6.92047485e+02,
    9.50403198e+02, 6.95905090e+02, 9.99112305e+02, 6.99824219e+02,
    7.99308594e+02, 7.33571533e+02, 8.48681946e+02, 7.37591614e+02,
    8.97549255e+02, 7.41295044e+02, 9.46325500e+02, 7.45090698e+02,
    9.95032715e+02, 7.48927979e+02, 7.94555359e+02, 7.83352112e+02,
    8.44056824e+02, 7.87253906e+02, 8.93145996e+02, 7.90837463e+02,
    9.42016235e+02, 7.94545654e+02, 9.90806030e+02, 7.98251587e+02,
    7.89559692e+02, 8.33651489e+02, 8.39249634e+02, 8.37533020e+02,
    8.88622864e+02, 8.41051392e+02, 9.37613037e+02, 8.44579041e+02,
    9.86539124e+02, 8.48334045e+02 ]
