%YAML:1.0
---
points: [ 2.02923798e+02, 1.08125000e+02, 2.12997238e+02, 1.16753502e+02,
    2.23018509e+02, 1.25345795e+02, 2.33056839e+02, 1.33987823e+02,
    2.43082748e+02, 1.42704086e+02, 1.94368210e+02, 1.18451820e+02,
    2.04379715e+02, 1.27102837e+02, 2.14344803e+02, 1.35691833e+02,
    2.24333435e+02, 1.44293655e+02, 2.34430466e+02, 1.52957535e+02,
    1.85865036e+02, 1.28717041e+02, 1.95821167e+02, 1.37281662e+02,
    2.05814148e+02, 1.45880783e+02, 2.15790054e+02, 1.54484543e+02,
    2.25819153e+02, 1.63191544e+02, 1.77444016e+02, 1.38891983e+02,
    1.87343323e+02, 1.47441376e+02, 1.97297546e+02, 1.56068665e+02,
    2.07222321e+02, 1.64658463e+02, 2.17217010e+02, 1.73263763e+02,
    1.68961777e+02, 1.48977631e+02, 1.78860672e+02, 1.57614792e+02,
    1.88782486e+02, 1.66204681e+02, 1.98710526e+02, 1.74789001e+02,
    2.08692383e+02, 1.83392380e+02, 1.60485184e+02, 1.59114288e+02,
    1.70396484e+02, 1.67649170e+02, 1.80302002e+02, 1.76293808e+02,
    1.90262650e+02, 1.84853622e+02, 2.00215393e+02, 1.93413223e+02,
    1.52063965e+02, 1.69194000e+02, 1.61896301e+02, 1.77772324e+02,
    1.71803101e+02, 1.86335846e+02, 1.81740936e+02, 1.94889236e+02,
    1.91672791e+02, 2.03558746e+02 ]
