%YAML:1.0
---
points: [ 6.68506531e+02, 5.29289246e+02, 7.23667419e+02, 5.33979858e+02,
    7.77663757e+02, 5.38698059e+02, 8.30855652e+02, 5.43388611e+02,
    8.83237549e+02, 5.47752197e+02, 6.63167664e+02, 5.83200623e+02,
    7.18538208e+02, 5.87445435e+02, 7.72757690e+02, 5.91623840e+02,
    8.26273376e+02, 5.95893738e+02, 8.78722778e+02, 5.99888733e+02,
    6.57640625e+02, 6.37279480e+02, 7.13328796e+02, 6.41101562e+02,
    7.67814148e+02, 6.44920471e+02, 8.21490784e+02, 6.48569458e+02,
    8.74404175e+02, 6.52224121e+02, 6.52266052e+02, 6.91590454e+02,
    7.07978638e+02, 6.95126221e+02, 7.62812988e+02, 6.98377808e+02,
    8.16597229e+02, 7.01752136e+02, 8.69753418e+02, 7.04800354e+02,
    6.46538391e+02, 7.46512512e+02, 7.02619446e+02, 7.49586975e+02,
    7.57647644e+02, 7.52501038e+02, 8.11738159e+02, 7.55191345e+02,
    8.65096497e+02, 7.58045166e+02, 6.40680847e+02, 8.01961975e+02,
    6.97076355e+02, 8.04638916e+02, 7.52447266e+02, 8.06870972e+02,
    8.06757263e+02, 8.09040466e+02, 8.60249451e+02, 8.11455811e+02,
    6.34786499e+02, 8.57942383e+02, 6.91519287e+02, 8.60195618e+02,
    7.47060303e+02, 8.61839905e+02, 8.01627869e+02, 8.63614197e+02,
    8.55351685e+02, 8.65336182e+02 ]
