%YAML:1.0
---
points: [ 2.48993851e+02, 1.48804047e+02, 2.58476013e+02, 1.56933807e+02,
    2.68075958e+02, 1.65194031e+02, 2.77821014e+02, 1.73573151e+02,
    2.87834259e+02, 1.82177002e+02, 2.40326202e+02, 1.58792923e+02,
    2.49643234e+02, 1.67016556e+02, 2.59138977e+02, 1.75295670e+02,
    2.68810120e+02, 1.83799072e+02, 2.78699341e+02, 1.92389267e+02,
    2.31624573e+02, 1.68703629e+02, 2.40945679e+02, 1.76931000e+02,
    2.50270096e+02, 1.85327011e+02, 2.59868042e+02, 1.93867432e+02,
    2.69616486e+02, 2.02604721e+02, 2.23119370e+02, 1.78535416e+02,
    2.32223190e+02, 1.86866684e+02, 2.41510529e+02, 1.95286072e+02,
    2.51012131e+02, 2.03917679e+02, 2.60706940e+02, 2.12717133e+02,
    2.14477219e+02, 1.88343964e+02, 2.23543030e+02, 1.96741196e+02,
    2.32775314e+02, 2.05263992e+02, 2.42142792e+02, 2.13998825e+02,
    2.51736359e+02, 2.22898727e+02, 2.05963120e+02, 1.98142868e+02,
    2.14850784e+02, 2.06620880e+02, 2.24045715e+02, 2.15252502e+02,
    2.33319733e+02, 2.24035934e+02, 2.42862579e+02, 2.32988693e+02,
    1.97362091e+02, 2.07894669e+02, 2.06208725e+02, 2.16459488e+02,
    2.15282837e+02, 2.25148773e+02, 2.24531021e+02, 2.34021271e+02,
    2.33936462e+02, 2.43063400e+02 ]
