%YAML:1.0
---
points: [ 3.75065430e+02, 1.98561172e+02, 3.87163727e+02, 2.04206009e+02,
    3.99710236e+02, 2.10090317e+02, 4.12737610e+02, 2.16183777e+02,
    4.26267242e+02, 2.22479324e+02, 3.68606293e+02, 2.10260010e+02,
    3.80525452e+02, 2.16074905e+02, 3.92897552e+02, 2.22142120e+02,
    4.05717529e+02, 2.28428452e+02, 4.19110291e+02, 2.35116531e+02,
    3.62230927e+02, 2.21709335e+02, 3.73960632e+02, 2.27729919e+02,
    3.86165253e+02, 2.34087524e+02, 3.98805878e+02, 2.40578812e+02,
    4.12053497e+02, 2.47366989e+02, 3.55958954e+02, 2.33124756e+02,
    3.67407410e+02, 2.39259262e+02, 3.79490143e+02, 2.45911072e+02,
    3.92008789e+02, 2.52675842e+02, 4.04990875e+02, 2.59718048e+02,
    3.49697998e+02, 2.44397522e+02, 3.61063263e+02, 2.50936584e+02,
    3.72899200e+02, 2.57593170e+02, 3.85225983e+02, 2.64648651e+02,
    3.98137085e+02, 2.71969299e+02, 3.43552490e+02, 2.55643478e+02,
    3.54709442e+02, 2.62351257e+02, 3.66368439e+02, 2.69285156e+02,
    3.78554504e+02, 2.76544098e+02, 3.91220917e+02, 2.84095612e+02,
    3.37376251e+02, 2.66798401e+02, 3.48380005e+02, 2.73710297e+02,
    3.59923645e+02, 2.80892761e+02, 3.71836700e+02, 2.88305725e+02,
    3.84352203e+02, 2.96124084e+02 ]
