%YAML:1.0
---
points: [ 9.14707275e+02, 3.60036926e+02, 9.41565979e+02, 3.83614349e+02,
    9.68748413e+02, 4.07603394e+02, 9.96583618e+02, 4.32072937e+02,
    1.02504150e+03, 4.57151184e+02, 8.89503357e+02, 3.88960510e+02,
    9.16050293e+02, 4.12706757e+02, 9.42963074e+02, 4.36949402e+02,
    9.70467407e+02, 4.61663757e+02, 9.98577759e+02, 4.86850983e+02,
    8.64348267e+02, 4.17590088e+02, 8.90508606e+02, 4.41698212e+02,
    9.17343567e+02, 4.66073303e+02, 9.44497070e+02, 4.91061371e+02,
    9.72225098e+02, 5.16497620e+02, 8.39427795e+02, 4.46340881e+02,
    8.65307251e+02, 4.70482025e+02, 8.91697693e+02, 4.95135742e+02,
    9.18613770e+02, 5.20352051e+02, 9.46121277e+02, 5.45981140e+02,
    8.14374573e+02, 4.74709503e+02, 8.40057861e+02, 4.99264923e+02,
    8.66320740e+02, 5.24144531e+02, 8.92941406e+02, 5.49513855e+02,
    9.20190369e+02, 5.75478882e+02, 7.89611511e+02, 5.03155396e+02,
    8.14887024e+02, 5.27859741e+02, 8.40928772e+02, 5.52984680e+02,
    8.67423950e+02, 5.78629333e+02, 8.94414856e+02, 6.04778809e+02,
    7.64694885e+02, 5.31493896e+02, 7.89727173e+02, 5.56489197e+02,
    8.15466919e+02, 5.81783875e+02, 8.41799072e+02, 6.07592041e+02,
    8.68480286e+02, 6.33914307e+02 ]
