%YAML:1.0
---
points: [ 2.96362091e+02, 1.90390701e+02, 3.05729492e+02, 1.98358749e+02,
    3.15379822e+02, 2.06726776e+02, 3.25381470e+02, 2.15357178e+02,
    3.35854279e+02, 2.24373779e+02, 2.87337738e+02, 2.00146606e+02,
    2.96453308e+02, 2.08395645e+02, 3.05945648e+02, 2.16843918e+02,
    3.15751617e+02, 2.25641800e+02, 3.25986359e+02, 2.34811646e+02,
    2.78327637e+02, 2.09910492e+02, 2.87319519e+02, 2.18219284e+02,
    2.96543762e+02, 2.26845154e+02, 3.06235474e+02, 2.35827103e+02,
    3.16235413e+02, 2.45135406e+02, 2.69451172e+02, 2.19584351e+02,
    2.78209259e+02, 2.28059189e+02, 2.87290222e+02, 2.36821381e+02,
    2.96740051e+02, 2.45955338e+02, 3.06657257e+02, 2.55422379e+02,
    2.60562653e+02, 2.29180038e+02, 2.69200043e+02, 2.37834579e+02,
    2.78099426e+02, 2.46757141e+02, 2.87342651e+02, 2.56105835e+02,
    2.96976196e+02, 2.65778015e+02, 2.51738037e+02, 2.38817291e+02,
    2.60137787e+02, 2.47631622e+02, 2.68905640e+02, 2.56741516e+02,
    2.78022491e+02, 2.66226807e+02, 2.87500580e+02, 2.76056763e+02,
    2.42887054e+02, 2.48392853e+02, 2.51137299e+02, 2.57369171e+02,
    2.59717499e+02, 2.66664032e+02, 2.68677826e+02, 2.76293243e+02,
    2.77915863e+02, 2.86309906e+02 ]
