%YAML:1.0
---
points: [ 5.47289551e+02, 5.27630005e+02, 6.08986877e+02, 5.32682495e+02,
    6.68609985e+02, 5.37688293e+02, 7.26336060e+02, 5.42529846e+02,
    7.82542358e+02, 5.47255371e+02, 5.41161011e+02, 5.85862061e+02,
    6.03201965e+02, 5.90067200e+02, 6.63123108e+02, 5.94238647e+02,
    7.21279419e+02, 5.98219666e+02, 7.77805481e+02, 6.02345947e+02,
    5.34835754e+02, 6.44293274e+02, 5.97297974e+02, 6.47707397e+02,
    6.57576599e+02, 6.51037048e+02, 7.16000183e+02, 6.54414856e+02,
    7.72939392e+02, 6.57441833e+02, 5.28654724e+02, 7.03107056e+02,
    5.91271667e+02, 7.05916748e+02, 6.51869812e+02, 7.08225525e+02,
    7.10633911e+02, 7.10714600e+02, 7.68006836e+02, 7.13097595e+02,
    5.22296326e+02, 7.62656799e+02, 5.85401123e+02, 7.64651245e+02,
    6.46003357e+02, 7.66297241e+02, 7.05384033e+02, 7.67642944e+02,
    7.62824097e+02, 7.69361450e+02, 5.15760437e+02, 8.22734253e+02,
    5.79108887e+02, 8.23762695e+02, 6.40166443e+02, 8.24422241e+02,
    6.99694519e+02, 8.25145386e+02, 7.57543030e+02, 8.25683044e+02,
    5.09215790e+02, 8.83261780e+02, 5.72709595e+02, 8.83652588e+02,
    6.34217468e+02, 8.83527344e+02, 6.93868713e+02, 8.83224976e+02,
    7.52162598e+02, 8.83325256e+02 ]
