%YAML:1.0
---
points: [ 2.96338806e+02, 1.62724609e+02, 3.06853119e+02, 1.67551132e+02,
    3.17639252e+02, 1.72637482e+02, 3.28770569e+02, 1.77805267e+02,
    3.40314484e+02, 1.83175293e+02, 2.90727356e+02, 1.73771622e+02,
    3.01120117e+02, 1.78830215e+02, 3.11740051e+02, 1.83999390e+02,
    3.22711182e+02, 1.89249283e+02, 3.34158203e+02, 1.94779251e+02,
    2.85191467e+02, 1.84707993e+02, 2.95407654e+02, 1.89849823e+02,
    3.06010162e+02, 1.95167953e+02, 3.16813446e+02, 2.00600082e+02,
    3.28038971e+02, 2.06236908e+02, 2.79751862e+02, 1.95458099e+02,
    2.89832092e+02, 2.00826996e+02, 3.00240173e+02, 2.06252747e+02,
    3.10984375e+02, 2.11855606e+02, 3.22104675e+02, 2.17672012e+02,
    2.74211182e+02, 2.06274750e+02, 2.84299957e+02, 2.11711624e+02,
    2.94572052e+02, 2.17298767e+02, 3.05232452e+02, 2.23100800e+02,
    3.16217651e+02, 2.29046570e+02, 2.68873993e+02, 2.17018921e+02,
    2.78731476e+02, 2.22567108e+02, 2.89010101e+02, 2.28262726e+02,
    2.99532043e+02, 2.34201233e+02, 3.10368195e+02, 2.40250671e+02,
    2.63464539e+02, 2.27657196e+02, 2.73289124e+02, 2.33333496e+02,
    2.83341309e+02, 2.39185471e+02, 2.93840424e+02, 2.45188049e+02,
    3.04558411e+02, 2.51398392e+02 ]
