%YAML:1.0
---
points: [ 1.05185156e+03, 4.81395813e+02, 1.07772900e+03, 5.04792938e+02,
    1.10456421e+03, 5.29112183e+02, 1.13223792e+03, 5.54163635e+02,
    1.16120190e+03, 5.80296204e+02, 1.02562695e+03, 5.09801666e+02,
    1.05116809e+03, 5.33684937e+02, 1.07734302e+03, 5.58418213e+02,
    1.10446338e+03, 5.83894775e+02, 1.13274744e+03, 6.10522888e+02,
    9.99663147e+02, 5.38051025e+02, 1.02451270e+03, 5.62455383e+02,
    1.05022949e+03, 5.87529297e+02, 1.07681738e+03, 6.13505432e+02,
    1.10446863e+03, 6.40524475e+02, 9.73949646e+02, 5.66236816e+02,
    9.98171753e+02, 5.90851868e+02, 1.02331842e+03, 6.16432312e+02,
    1.04945447e+03, 6.42871460e+02, 1.07656641e+03, 6.70290588e+02,
    9.48082825e+02, 5.94256531e+02, 9.71891541e+02, 6.19380920e+02,
    9.96563416e+02, 6.45452087e+02, 1.02220331e+03, 6.72413696e+02,
    1.04881091e+03, 7.00217712e+02, 9.22462036e+02, 6.22184204e+02,
    9.45727234e+02, 6.47681763e+02, 9.70093506e+02, 6.74213562e+02,
    9.95239258e+02, 7.01524414e+02, 1.02135718e+03, 7.30002808e+02,
    8.96805054e+02, 6.49986633e+02, 9.19587097e+02, 6.75996826e+02,
    9.43438354e+02, 7.02839294e+02, 9.68222412e+02, 7.30718018e+02,
    9.93667908e+02, 7.59597168e+02 ]
