%YAML:1.0
---
points: [ 2.04899689e+02, 1.10561005e+02, 2.14070786e+02, 1.18545799e+02,
    2.23307266e+02, 1.26656471e+02, 2.32725296e+02, 1.34799606e+02,
    2.42288773e+02, 1.43193634e+02, 1.96342499e+02, 1.20482826e+02,
    2.05375839e+02, 1.28557220e+02, 2.14591949e+02, 1.36674149e+02,
    2.23921127e+02, 1.44942978e+02, 2.33402100e+02, 1.53308578e+02,
    1.87791183e+02, 1.30376144e+02, 1.96743347e+02, 1.38412628e+02,
    2.05908096e+02, 1.46652710e+02, 2.15127609e+02, 1.54928955e+02,
    2.24496521e+02, 1.63371002e+02, 1.79314163e+02, 1.40198669e+02,
    1.88180618e+02, 1.48314621e+02, 1.97249649e+02, 1.56536011e+02,
    2.06436432e+02, 1.64954315e+02, 2.15742157e+02, 1.73377747e+02,
    1.70794754e+02, 1.50003769e+02, 1.79676712e+02, 1.58181595e+02,
    1.88634171e+02, 1.66433807e+02, 1.97768707e+02, 1.74897751e+02,
    2.06971649e+02, 1.83425079e+02, 1.62378372e+02, 1.59753098e+02,
    1.71141891e+02, 1.67970993e+02, 1.80061661e+02, 1.76350891e+02,
    1.89104568e+02, 1.84828049e+02, 1.98307922e+02, 1.93412643e+02,
    1.53863998e+02, 1.69445770e+02, 1.62549179e+02, 1.77771744e+02,
    1.71423798e+02, 1.86184082e+02, 1.80435593e+02, 1.94701767e+02,
    1.89540253e+02, 2.03366776e+02 ]
