%YAML:1.0
---
points: [ 4.24403351e+02, 5.21986145e+02, 4.94452942e+02, 5.27695251e+02,
    5.61274231e+02, 5.33262634e+02, 6.25419678e+02, 5.38574280e+02,
    6.86940613e+02, 5.43679993e+02, 4.17436127e+02, 5.85545227e+02,
    4.87875366e+02, 5.90014709e+02, 5.55130249e+02, 5.94235352e+02,
    6.19563599e+02, 5.98220215e+02, 6.81645996e+02, 6.02288696e+02,
    4.10292725e+02, 6.49336670e+02, 4.81108551e+02, 6.52622864e+02,
    5.48739807e+02, 6.55529541e+02, 6.13636902e+02, 6.58468201e+02,
    6.76184204e+02, 6.61184021e+02, 4.02969696e+02, 7.13620544e+02,
    4.74272552e+02, 7.15696350e+02, 5.42489014e+02, 7.17440857e+02,
    6.07673035e+02, 7.18864197e+02, 6.70556824e+02, 7.20602051e+02,
    3.95813232e+02, 7.78852844e+02, 4.67228455e+02, 7.79589783e+02,
    5.35707153e+02, 7.80043396e+02, 6.01566589e+02, 7.80375061e+02,
    6.64710449e+02, 7.80621216e+02, 3.88320984e+02, 8.44401367e+02,
    4.60248657e+02, 8.44037170e+02, 5.29176025e+02, 8.43016296e+02,
    5.95354431e+02, 8.41985168e+02, 6.58933228e+02, 8.40965576e+02,
    3.80821320e+02, 9.10690735e+02, 4.53249939e+02, 9.08946960e+02,
    5.22434814e+02, 9.06802795e+02, 5.88894104e+02, 9.04506958e+02,
    6.52921143e+02, 9.02474243e+02 ]
