%YAML:1.0
---
points: [ 7.87531982e+02, 2.49503662e+02, 8.13543701e+02, 2.72627686e+02,
    8.39934937e+02, 2.96043274e+02, 8.66656860e+02, 3.19742981e+02,
    8.93874512e+02, 3.43874237e+02, 7.62544495e+02, 2.78452637e+02,
    7.88478760e+02, 3.01551758e+02, 8.14504211e+02, 3.25281128e+02,
    8.41133057e+02, 3.49082092e+02, 8.68073425e+02, 3.73406555e+02,
    7.37857483e+02, 3.06769348e+02, 7.63374817e+02, 3.30330597e+02,
    7.89245667e+02, 3.53998993e+02, 8.15495178e+02, 3.78134247e+02,
    8.42283997e+02, 4.02492889e+02, 7.13387878e+02, 3.35395416e+02,
    7.38487427e+02, 3.58786377e+02, 7.64197632e+02, 3.82785706e+02,
    7.90225830e+02, 4.07020081e+02, 8.16631287e+02, 4.31633179e+02,
    6.88747742e+02, 3.63635162e+02, 7.13618530e+02, 3.87442413e+02,
    7.39204285e+02, 4.11508789e+02, 7.65107056e+02, 4.35996338e+02,
    7.91379700e+02, 4.60700500e+02, 6.64401184e+02, 3.92034302e+02,
    6.89041382e+02, 4.15834137e+02, 7.14399170e+02, 4.40241364e+02,
    7.40226013e+02, 4.64750824e+02, 7.66235901e+02, 4.89772705e+02,
    6.39835327e+02, 4.20292511e+02, 6.64364746e+02, 4.44370911e+02,
    6.89392029e+02, 4.68729431e+02, 7.14912720e+02, 4.93540070e+02,
    7.40782349e+02, 5.18647034e+02 ]
