%YAML:1.0
---
points: [ 2.05065262e+02, 1.18436691e+02, 2.15322906e+02, 1.23334602e+02,
    2.25731201e+02, 1.28302872e+02, 2.36278244e+02, 1.33291306e+02,
    2.46994141e+02, 1.38364716e+02, 2.00082809e+02, 1.29562042e+02,
    2.10226028e+02, 1.34545105e+02, 2.20549362e+02, 1.39548462e+02,
    2.31042618e+02, 1.44613129e+02, 2.41629852e+02, 1.49714798e+02,
    1.95019119e+02, 1.40616028e+02, 2.05148331e+02, 1.45598846e+02,
    2.15390533e+02, 1.50638794e+02, 2.25836258e+02, 1.55732071e+02,
    2.36328613e+02, 1.60938965e+02, 1.90122574e+02, 1.51518524e+02,
    2.00129074e+02, 1.56525635e+02, 2.10319519e+02, 1.61650528e+02,
    2.20635300e+02, 1.66777313e+02, 2.31121017e+02, 1.72008270e+02,
    1.85105804e+02, 1.62348846e+02, 1.95114105e+02, 1.67402878e+02,
    2.05241745e+02, 1.72560089e+02, 2.15527237e+02, 1.77788544e+02,
    2.25972916e+02, 1.83065262e+02, 1.80290054e+02, 1.73143768e+02,
    1.90150558e+02, 1.78271576e+02, 2.00258545e+02, 1.83381226e+02,
    2.10466965e+02, 1.88662170e+02, 2.20850418e+02, 1.93985504e+02,
    1.75337555e+02, 1.83816452e+02, 1.85213928e+02, 1.89022995e+02,
    1.95249603e+02, 1.94223404e+02, 2.05393616e+02, 1.99486496e+02,
    2.15687866e+02, 2.04877182e+02 ]
