%YAML:1.0
---
points: [ 5.57268738e+02, 4.50831757e+01, 5.87295227e+02, 7.14039993e+01,
    6.17285583e+02, 9.77259598e+01, 6.47302307e+02, 1.24178787e+02,
    6.77519104e+02, 1.50614670e+02, 5.31831909e+02, 7.59732819e+01,
    5.61939575e+02, 1.02252220e+02, 5.91816162e+02, 1.28470474e+02,
    6.21787170e+02, 1.54788040e+02, 6.52005859e+02, 1.81288223e+02,
    5.06585602e+02, 1.06542572e+02, 5.36552368e+02, 1.32711868e+02,
    5.66531433e+02, 1.59011597e+02, 5.96511353e+02, 1.85256378e+02,
    6.26549194e+02, 2.11561478e+02, 4.81688354e+02, 1.37180145e+02,
    5.11411438e+02, 1.63307007e+02, 5.41389404e+02, 1.89421158e+02,
    5.71396484e+02, 2.15569778e+02, 6.01329285e+02, 2.41772491e+02,
    4.56617310e+02, 1.67609375e+02, 4.86362396e+02, 1.93679642e+02,
    5.16317627e+02, 2.19791687e+02, 5.46308960e+02, 2.45929382e+02,
    5.76419434e+02, 2.72198547e+02, 4.31714447e+02, 1.98033478e+02,
    4.61412964e+02, 2.23967087e+02, 4.91475922e+02, 2.50116562e+02,
    5.21489990e+02, 2.76212402e+02, 5.51520386e+02, 3.02324860e+02,
    4.06741760e+02, 2.28253860e+02, 4.36423279e+02, 2.54245148e+02,
    4.66442993e+02, 2.80253967e+02, 4.96511627e+02, 3.06276581e+02,
    5.26429871e+02, 3.32289459e+02 ]
