%YAML:1.0
---
points: [ 1.27109756e+02, 4.12520561e+01, 1.37190704e+02, 4.97776527e+01,
    1.47320541e+02, 5.86798477e+01, 1.57597839e+02, 6.75100327e+01,
    1.67959412e+02, 7.65774765e+01, 1.18311081e+02, 5.16461487e+01,
    1.28327240e+02, 6.04618073e+01, 1.38538116e+02, 6.92012329e+01,
    1.48772598e+02, 7.81457443e+01, 1.59132904e+02, 8.71426468e+01,
    1.09581367e+02, 6.22520714e+01, 1.19637886e+02, 7.08361206e+01,
    1.29736572e+02, 7.96961212e+01, 1.40001923e+02, 8.86031570e+01,
    1.50300110e+02, 9.75591507e+01, 1.01059952e+02, 7.26294861e+01,
    1.10932938e+02, 8.13533401e+01, 1.21132408e+02, 9.01579285e+01,
    1.31273331e+02, 9.91062698e+01, 1.41601044e+02, 1.08027527e+02,
    9.23140564e+01, 8.31426849e+01, 1.02285057e+02, 9.18012848e+01,
    1.12384232e+02, 1.00635437e+02, 1.22649170e+02, 1.09505211e+02,
    1.32928940e+02, 1.18445969e+02, 8.38525848e+01, 9.35192184e+01,
    9.36931000e+01, 1.02240524e+02, 1.03891495e+02, 1.11061401e+02,
    1.14089783e+02, 1.19973442e+02, 1.24339935e+02, 1.28890442e+02,
    7.52589264e+01, 1.03979958e+02, 8.52106476e+01, 1.12651917e+02,
    9.52121887e+01, 1.21447372e+02, 1.05443207e+02, 1.30318237e+02,
    1.15703651e+02, 1.39244705e+02 ]
