%YAML:1.0
---
points: [ 2.29939178e+02, 1.27874870e+02, 2.39179199e+02, 1.32256439e+02,
    2.48592163e+02, 1.36876755e+02, 2.58201385e+02, 1.41494522e+02,
    2.68107422e+02, 1.46276520e+02, 2.24972672e+02, 1.38220459e+02,
    2.34116882e+02, 1.42838715e+02, 2.43377167e+02, 1.47448547e+02,
    2.52944473e+02, 1.52189178e+02, 2.62749969e+02, 1.57031128e+02,
    2.19953003e+02, 1.48558487e+02, 2.29052277e+02, 1.53175720e+02,
    2.38287003e+02, 1.57929916e+02, 2.47718155e+02, 1.62745148e+02,
    2.57352509e+02, 1.67651550e+02, 2.15116058e+02, 1.58725540e+02,
    2.24031250e+02, 1.63428802e+02, 2.33218994e+02, 1.68261475e+02,
    2.42527649e+02, 1.73207062e+02, 2.52153214e+02, 1.78183762e+02,
    2.10209351e+02, 1.68902863e+02, 2.19095459e+02, 1.73661957e+02,
    2.28167328e+02, 1.78591324e+02, 2.37477921e+02, 1.83586395e+02,
    2.46973572e+02, 1.88702042e+02, 2.05355743e+02, 1.78999191e+02,
    2.14149017e+02, 1.83841705e+02, 2.23233337e+02, 1.88824356e+02,
    2.32443146e+02, 1.93922272e+02, 2.41931381e+02, 1.99061417e+02,
    2.00554855e+02, 1.88976013e+02, 2.09247772e+02, 1.93944504e+02,
    2.18255676e+02, 1.99009140e+02, 2.27388275e+02, 2.04153290e+02,
    2.36723694e+02, 2.09398453e+02 ]
