%YAML:1.0
---
points: [ 1.05143481e+03, 5.65729065e+02, 1.11130103e+03, 5.72465820e+02,
    1.17229602e+03, 5.79329346e+02, 1.23531238e+03, 5.86495483e+02,
    1.30058130e+03, 5.93735657e+02, 1.04455371e+03, 6.25850830e+02,
    1.10437732e+03, 6.33588074e+02, 1.16557202e+03, 6.41301025e+02,
    1.22862451e+03, 6.49478638e+02, 1.29437964e+03, 6.57738220e+02,
    1.03757959e+03, 6.86372986e+02, 1.09737732e+03, 6.94740845e+02,
    1.15905713e+03, 7.03446167e+02, 1.22233032e+03, 7.12597900e+02,
    1.28788318e+03, 7.21971497e+02, 1.03066772e+03, 7.46789246e+02,
    1.09071704e+03, 7.56444031e+02, 1.15238293e+03, 7.66221985e+02,
    1.21581116e+03, 7.76262085e+02, 1.28157690e+03, 7.86745056e+02,
    1.02354193e+03, 8.08244751e+02, 1.08373071e+03, 8.18734680e+02,
    1.14547009e+03, 8.29428528e+02, 1.20929761e+03, 8.40477051e+02,
    1.27529553e+03, 8.51951172e+02, 1.01666858e+03, 8.70344666e+02,
    1.07670691e+03, 8.81709534e+02, 1.13878101e+03, 8.93222351e+02,
    1.20256738e+03, 9.05360107e+02, 1.26883289e+03, 9.17710388e+02,
    1.00939178e+03, 9.32793335e+02, 1.06979285e+03, 9.45418579e+02,
    1.13205920e+03, 9.58054749e+02, 1.19603186e+03, 9.70853455e+02,
    1.26241162e+03, 9.84466125e+02 ]
