%YAML:1.0
---
points: [ 1.00105499e+03, 5.43990173e+02, 1.06548889e+03, 5.50509399e+02,
    1.13184460e+03, 5.57314575e+02, 1.20040979e+03, 5.64478088e+02,
    1.27150513e+03, 5.71544739e+02, 9.93878601e+02, 6.09702820e+02,
    1.05840137e+03, 6.17501404e+02, 1.12459131e+03, 6.25316528e+02,
    1.19332410e+03, 6.33590881e+02, 1.26479773e+03, 6.42108032e+02,
    9.86590393e+02, 6.75574219e+02, 1.05107446e+03, 6.84484863e+02,
    1.11761267e+03, 6.93532227e+02, 1.18647485e+03, 7.02881409e+02,
    1.25819250e+03, 7.12778137e+02, 9.79545715e+02, 7.41673828e+02,
    1.04403052e+03, 7.51730530e+02, 1.11071460e+03, 7.62097717e+02,
    1.17964111e+03, 7.72654724e+02, 1.25146472e+03, 7.83994141e+02,
    9.72331787e+02, 8.08553101e+02, 1.03702905e+03, 8.19877563e+02,
    1.10351453e+03, 8.31402039e+02, 1.17283105e+03, 8.43411499e+02,
    1.24460168e+03, 8.55674255e+02, 9.65025024e+02, 8.75939697e+02,
    1.02966345e+03, 8.88538940e+02, 1.09660706e+03, 9.01174927e+02,
    1.16579688e+03, 9.14087952e+02, 1.23809326e+03, 9.27922485e+02,
    9.57641907e+02, 9.44315430e+02, 1.02249780e+03, 9.58047119e+02,
    1.08957239e+03, 9.71721619e+02, 1.15917358e+03, 9.86073914e+02,
    1.23121228e+03, 1.00112988e+03 ]
