%YAML:1.0
---
points: [ 1.72472656e+02, 8.03068237e+01, 1.81371170e+02, 8.81165619e+01,
    1.90339737e+02, 9.59125214e+01, 1.99368164e+02, 1.03833656e+02,
    2.08513794e+02, 1.11826988e+02, 1.64403778e+02, 8.98950119e+01,
    1.73244629e+02, 9.76569290e+01, 1.82135254e+02, 1.05521324e+02,
    1.91138474e+02, 1.13458679e+02, 2.00234131e+02, 1.21479782e+02,
    1.56340530e+02, 9.93949738e+01, 1.65135361e+02, 1.07156029e+02,
    1.73992203e+02, 1.15098007e+02, 1.82948868e+02, 1.23038559e+02,
    1.91949341e+02, 1.31060028e+02, 1.48346481e+02, 1.08809921e+02,
    1.57037323e+02, 1.16648819e+02, 1.65885315e+02, 1.24540977e+02,
    1.74763351e+02, 1.32522644e+02, 1.83773087e+02, 1.40616272e+02,
    1.40287430e+02, 1.18264244e+02, 1.48998306e+02, 1.26099007e+02,
    1.57769836e+02, 1.34088898e+02, 1.66676636e+02, 1.42073059e+02,
    1.75608627e+02, 1.50191940e+02, 1.32358505e+02, 1.27659233e+02,
    1.40938065e+02, 1.35502899e+02, 1.49731598e+02, 1.43501495e+02,
    1.58585938e+02, 1.51568649e+02, 1.67605515e+02, 1.59736969e+02,
    1.24353470e+02, 1.37082672e+02, 1.32970123e+02, 1.44937027e+02,
    1.41603561e+02, 1.52916428e+02, 1.50458466e+02, 1.61029175e+02,
    1.59318481e+02, 1.69170013e+02 ]
