%YAML:1.0
---
points: [ 6.96818359e+02, 1.61431198e+02, 7.22334900e+02, 1.84123535e+02,
    7.48000244e+02, 2.06792374e+02, 7.73876831e+02, 2.29828339e+02,
    8.00152100e+02, 2.53095428e+02, 6.73460205e+02, 1.89230576e+02,
    6.98766357e+02, 2.11798691e+02, 7.24311096e+02, 2.34698090e+02,
    7.50079651e+02, 2.57708771e+02, 7.76140930e+02, 2.81013367e+02,
    6.50197937e+02, 2.16596817e+02, 6.75300232e+02, 2.39384048e+02,
    7.00597961e+02, 2.62333099e+02, 7.26233032e+02, 2.85359100e+02,
    7.52104431e+02, 3.08654053e+02, 6.27142517e+02, 2.44064423e+02,
    6.51933594e+02, 2.66742188e+02, 6.77227905e+02, 2.89677704e+02,
    7.02641663e+02, 3.12894745e+02, 7.28319336e+02, 3.36343323e+02,
    6.03913330e+02, 2.71412994e+02, 6.28619995e+02, 2.94247559e+02,
    6.53714111e+02, 3.17283417e+02, 6.79196594e+02, 3.40527527e+02,
    7.04673157e+02, 3.63949188e+02, 5.80799133e+02, 2.98684662e+02,
    6.05411499e+02, 3.21531799e+02, 6.30544800e+02, 3.44634277e+02,
    6.55851379e+02, 3.68055542e+02, 6.81393799e+02, 3.91574707e+02,
    5.57639221e+02, 3.25784912e+02, 5.82289185e+02, 3.48733063e+02,
    6.07197144e+02, 3.71960419e+02, 6.32432739e+02, 3.95447296e+02,
    6.57682434e+02, 4.18977905e+02 ]
