%YAML:1.0
---
points: [ 2.66899902e+02, 1.44523254e+02, 2.75355682e+02, 1.48623199e+02,
    2.84135254e+02, 1.52816467e+02, 2.93091492e+02, 1.57131577e+02,
    3.02309509e+02, 1.61555252e+02, 2.62142365e+02, 1.54181107e+02,
    2.70393738e+02, 1.58379028e+02, 2.79054230e+02, 1.62665421e+02,
    2.87915344e+02, 1.67126740e+02, 2.97055450e+02, 1.71577423e+02,
    2.57215271e+02, 1.63713409e+02, 2.65456726e+02, 1.68060135e+02,
    2.74027740e+02, 1.72346191e+02, 2.82761261e+02, 1.76956512e+02,
    2.91718781e+02, 1.81525986e+02, 2.52474762e+02, 1.73183426e+02,
    2.60611633e+02, 1.77536057e+02, 2.69073608e+02, 1.82037048e+02,
    2.77681305e+02, 1.86647934e+02, 2.86554626e+02, 1.91377747e+02,
    2.47728821e+02, 1.82522385e+02, 2.55811066e+02, 1.87043808e+02,
    2.64123627e+02, 1.91654678e+02, 2.72652069e+02, 1.96396881e+02,
    2.81518188e+02, 2.01292923e+02, 2.43073837e+02, 1.91828110e+02,
    2.51041748e+02, 1.96440643e+02, 2.59285797e+02, 2.01149734e+02,
    2.67789062e+02, 2.06092911e+02, 2.76479309e+02, 2.10990829e+02,
    2.38378891e+02, 2.01118347e+02, 2.46237656e+02, 2.05785660e+02,
    2.54391052e+02, 2.10617981e+02, 2.62826141e+02, 2.15563995e+02,
    2.71419342e+02, 2.20745392e+02 ]
