%YAML:1.0
---
points: [ 6.47164978e+02, 2.73628876e+02, 7.11836792e+02, 2.78436493e+02,
    7.75331238e+02, 2.83180939e+02, 8.37855408e+02, 2.87672699e+02,
    8.99458679e+02, 2.92228210e+02, 6.46803223e+02, 3.37878845e+02,
    7.10920959e+02, 3.42158112e+02, 7.73690552e+02, 3.46279755e+02,
    8.35487488e+02, 3.50330750e+02, 8.96478271e+02, 3.54379883e+02,
    6.46330627e+02, 4.00631683e+02, 7.09877686e+02, 4.04307587e+02,
    7.71967041e+02, 4.07998230e+02, 8.33184631e+02, 4.11531433e+02,
    8.93633484e+02, 4.14736145e+02, 6.45880859e+02, 4.61710052e+02,
    7.08700928e+02, 4.65127625e+02, 7.70355164e+02, 4.68168701e+02,
    8.31070007e+02, 4.71117920e+02, 8.90854614e+02, 4.74185089e+02,
    6.45370422e+02, 5.22151794e+02, 7.07657959e+02, 5.24800598e+02,
    7.68672729e+02, 5.27424622e+02, 8.28751648e+02, 5.29779968e+02,
    8.87910950e+02, 5.32402771e+02, 6.44843689e+02, 5.81042053e+02,
    7.06535950e+02, 5.83323669e+02, 7.66897095e+02, 5.85432373e+02,
    8.26624146e+02, 5.87329041e+02, 8.85203735e+02, 5.89276123e+02,
    6.44204102e+02, 6.39134460e+02, 7.05411194e+02, 6.40906372e+02,
    7.65230591e+02, 6.42485352e+02, 8.24236511e+02, 6.43966980e+02,
    8.82398376e+02, 6.45465637e+02 ]
