%YAML:1.0
---
points: [ 2.36789886e+02, 1.34550659e+02, 2.44151886e+02, 1.41017227e+02,
    2.51690887e+02, 1.47722397e+02, 2.59344055e+02, 1.54445114e+02,
    2.67206360e+02, 1.61434769e+02, 2.29381317e+02, 1.42780701e+02,
    2.36642014e+02, 1.49375198e+02, 2.44056595e+02, 1.56140823e+02,
    2.51645920e+02, 1.62981155e+02, 2.59376373e+02, 1.69986221e+02,
    2.21966934e+02, 1.51069168e+02, 2.29197159e+02, 1.57643158e+02,
    2.36438629e+02, 1.64436249e+02, 2.43934265e+02, 1.71367737e+02,
    2.51615799e+02, 1.78421158e+02, 2.14662766e+02, 1.59211426e+02,
    2.21688812e+02, 1.65949188e+02, 2.28971741e+02, 1.72775787e+02,
    2.36310684e+02, 1.79733246e+02, 2.43898727e+02, 1.86901199e+02,
    2.07260483e+02, 1.67314560e+02, 2.14244705e+02, 1.74093552e+02,
    2.21404648e+02, 1.81110138e+02, 2.28733658e+02, 1.88159760e+02,
    2.36207977e+02, 1.95378860e+02, 1.99970993e+02, 1.75470245e+02,
    2.06849716e+02, 1.82326736e+02, 2.13977997e+02, 1.89316971e+02,
    2.21218674e+02, 1.96484985e+02, 2.28611374e+02, 2.03805664e+02,
    1.92676498e+02, 1.83510834e+02, 1.99483551e+02, 1.90452255e+02,
    2.06484665e+02, 1.97536758e+02, 2.13660782e+02, 2.04784836e+02,
    2.20936218e+02, 2.12206436e+02 ]
