%YAML:1.0
---
points: [ 2.58369202e+02, 1.36762207e+02, 2.66376892e+02, 1.40566742e+02,
    2.74558838e+02, 1.44550323e+02, 2.83025909e+02, 1.48516159e+02,
    2.91566467e+02, 1.52733551e+02, 2.53915497e+02, 1.45859802e+02,
    2.61782410e+02, 1.49807312e+02, 2.69926300e+02, 1.53816742e+02,
    2.78217773e+02, 1.57987137e+02, 2.86730225e+02, 1.62142380e+02,
    2.49341125e+02, 1.54922272e+02, 2.57232452e+02, 1.58890854e+02,
    2.65224823e+02, 1.63051437e+02, 2.73354401e+02, 1.67231949e+02,
    2.81778839e+02, 1.71520966e+02, 2.45035324e+02, 1.63804596e+02,
    2.52678436e+02, 1.67956223e+02, 2.60573273e+02, 1.72138901e+02,
    2.68684723e+02, 1.76370026e+02, 2.77070190e+02, 1.80790558e+02,
    2.40511444e+02, 1.72690048e+02, 2.48197235e+02, 1.76877869e+02,
    2.56043213e+02, 1.81203476e+02, 2.64068359e+02, 1.85542633e+02,
    2.72339264e+02, 1.90078094e+02, 2.36195923e+02, 1.81506165e+02,
    2.43696381e+02, 1.85768646e+02, 2.51482880e+02, 1.90192581e+02,
    2.59456055e+02, 1.94653732e+02, 2.67665100e+02, 1.99231277e+02,
    2.31818832e+02, 1.90295929e+02, 2.39264023e+02, 1.94588226e+02,
    2.47045837e+02, 1.99131119e+02, 2.54936386e+02, 2.03605255e+02,
    2.63056854e+02, 2.08294647e+02 ]
