%YAML:1.0
---
points: [ 8.90077881e+02, 3.18861542e+02, 9.10749084e+02, 3.37788696e+02,
    9.31944763e+02, 3.57205505e+02, 9.53603271e+02, 3.76808197e+02,
    9.75837158e+02, 3.97021637e+02, 8.68468994e+02, 3.42794006e+02,
    8.89051880e+02, 3.61993500e+02, 9.09851868e+02, 3.81508759e+02,
    9.31258179e+02, 4.01440857e+02, 9.53241516e+02, 4.21932465e+02,
    8.47082764e+02, 3.66614655e+02, 8.67203003e+02, 3.85859955e+02,
    8.87841248e+02, 4.05594574e+02, 9.09002502e+02, 4.25780792e+02,
    9.30536804e+02, 4.46485962e+02, 8.25653870e+02, 3.90375610e+02,
    8.45532288e+02, 4.09878662e+02, 8.65989075e+02, 4.29717865e+02,
    8.86807495e+02, 4.50156036e+02, 9.08111267e+02, 4.70935577e+02,
    8.04368530e+02, 4.14066864e+02, 8.23943542e+02, 4.33651855e+02,
    8.44266113e+02, 4.53834259e+02, 8.64715332e+02, 4.74492493e+02,
    8.85935181e+02, 4.95548370e+02, 7.83238892e+02, 4.37538635e+02,
    8.02490601e+02, 4.57480560e+02, 8.22471741e+02, 4.77955627e+02,
    8.43010986e+02, 4.98754120e+02, 8.63835266e+02, 5.20169556e+02,
    7.61872498e+02, 4.61038452e+02, 7.81038330e+02, 4.81242798e+02,
    8.00797424e+02, 5.01818298e+02, 8.21045532e+02, 5.22852966e+02,
    8.41587219e+02, 5.44429932e+02 ]
