%YAML:1.0
---
points: [ 7.26902344e+02, 2.87598022e+02, 7.81785461e+02, 2.91841339e+02,
    8.35986084e+02, 2.96080902e+02, 8.89406860e+02, 3.00192169e+02,
    9.42107788e+02, 3.03971130e+02, 7.25585144e+02, 3.42767822e+02,
    7.80286865e+02, 3.46522125e+02, 8.33703674e+02, 3.50339539e+02,
    8.86614868e+02, 3.54050598e+02, 9.38971252e+02, 3.57400513e+02,
    7.24192993e+02, 3.96673706e+02, 7.78500061e+02, 4.00175323e+02,
    8.31683838e+02, 4.03384125e+02, 8.84157532e+02, 4.06631226e+02,
    9.36077209e+02, 4.09730225e+02, 7.23000549e+02, 4.49558167e+02,
    7.76654663e+02, 4.52604034e+02, 8.29392700e+02, 4.55504791e+02,
    8.81434265e+02, 4.58455872e+02, 9.32965576e+02, 4.61199493e+02,
    7.21729980e+02, 5.01772461e+02, 7.75014404e+02, 5.04337769e+02,
    8.27316101e+02, 5.07036255e+02, 8.78948059e+02, 5.09403625e+02,
    9.29929199e+02, 5.11963501e+02, 7.20434570e+02, 5.52807068e+02,
    7.73306580e+02, 5.55284729e+02, 8.25129883e+02, 5.57436646e+02,
    8.76383545e+02, 5.59640564e+02, 9.27067749e+02, 5.61661926e+02,
    7.18865906e+02, 6.03323059e+02, 7.71369751e+02, 6.05549438e+02,
    8.22962524e+02, 6.07373840e+02, 8.73928894e+02, 6.09096985e+02,
    9.24104614e+02, 6.10917175e+02 ]
