%YAML:1.0
---
points: [ 1.57330719e+02, 6.24990692e+01, 1.66000214e+02, 7.00998993e+01,
    1.74614319e+02, 7.77674789e+01, 1.83301010e+02, 8.54439545e+01,
    1.92027206e+02, 9.32566299e+01, 1.49806152e+02, 7.14173050e+01,
    1.58392776e+02, 7.90466385e+01, 1.67056854e+02, 8.67405624e+01,
    1.75698013e+02, 9.44131088e+01, 1.84331131e+02, 1.02184761e+02,
    1.42290314e+02, 8.03188477e+01, 1.50843002e+02, 8.79169006e+01,
    1.59405853e+02, 9.55729218e+01, 1.68120468e+02, 1.03276909e+02,
    1.76768692e+02, 1.11064964e+02, 1.34866150e+02, 8.92014313e+01,
    1.43339447e+02, 9.67897949e+01, 1.51959961e+02, 1.04421829e+02,
    1.60553101e+02, 1.12166405e+02, 1.69271530e+02, 1.19885918e+02,
    1.27350548e+02, 9.80549545e+01, 1.35899994e+02, 1.05630356e+02,
    1.44451447e+02, 1.13278282e+02, 1.53120926e+02, 1.21019333e+02,
    1.61783432e+02, 1.28703445e+02, 1.19959175e+02, 1.06857666e+02,
    1.28398743e+02, 1.14433006e+02, 1.37041977e+02, 1.22155678e+02,
    1.45677185e+02, 1.29791229e+02, 1.54318893e+02, 1.37475876e+02,
    1.12465767e+02, 1.15658905e+02, 1.21046303e+02, 1.23237152e+02,
    1.29543320e+02, 1.30877625e+02, 1.38212692e+02, 1.38550476e+02,
    1.46822479e+02, 1.46271088e+02 ]
