%YAML:1.0
---
points: [ 2.76338989e+02, 1.45644669e+02, 2.83812317e+02, 1.49223709e+02,
    2.91356445e+02, 1.52920868e+02, 2.99188232e+02, 1.56616241e+02,
    3.07184326e+02, 1.60484451e+02, 2.72119232e+02, 1.54079193e+02,
    2.79342438e+02, 1.57733551e+02, 2.86918915e+02, 1.61414139e+02,
    2.94627869e+02, 1.65313004e+02, 3.02595093e+02, 1.69165985e+02,
    2.67808502e+02, 1.62356659e+02, 2.75093536e+02, 1.66080688e+02,
    2.82467163e+02, 1.69929871e+02, 2.90207214e+02, 1.73777039e+02,
    2.97990936e+02, 1.77868820e+02, 2.63620514e+02, 1.70590790e+02,
    2.70770355e+02, 1.74381699e+02, 2.78153290e+02, 1.78291580e+02,
    2.85720459e+02, 1.82316238e+02, 2.93416534e+02, 1.86368042e+02,
    2.59386047e+02, 1.78806259e+02, 2.66495789e+02, 1.82668915e+02,
    2.73857941e+02, 1.86672897e+02, 2.81296417e+02, 1.90759521e+02,
    2.89103668e+02, 1.94968048e+02, 2.55293335e+02, 1.86966522e+02,
    2.62292572e+02, 1.90933380e+02, 2.69587250e+02, 1.95006104e+02,
    2.77077789e+02, 1.99155930e+02, 2.84622498e+02, 2.03355667e+02,
    2.51215942e+02, 1.94999588e+02, 2.58164307e+02, 1.99048660e+02,
    2.65291260e+02, 2.03193680e+02, 2.72637268e+02, 2.07439056e+02,
    2.80251404e+02, 2.11852951e+02 ]
