%YAML:1.0
---
points: [ 6.56981262e+02, 1.09604439e+02, 6.81998779e+02, 1.32030243e+02,
    7.07116699e+02, 1.54519196e+02, 7.32140625e+02, 1.77044601e+02,
    7.57405701e+02, 1.99654694e+02, 6.35169922e+02, 1.35710922e+02,
    6.60253540e+02, 1.58136841e+02, 6.85133301e+02, 1.80508148e+02,
    7.10202637e+02, 2.02987366e+02, 7.35434448e+02, 2.25543198e+02,
    6.13465698e+02, 1.61540298e+02, 6.38347351e+02, 1.83890945e+02,
    6.63270752e+02, 2.06329300e+02, 6.88360046e+02, 2.28681915e+02,
    7.13477966e+02, 2.51207657e+02, 5.91873657e+02, 1.87271637e+02,
    6.16701355e+02, 2.09592819e+02, 6.41633972e+02, 2.31926147e+02,
    6.66599731e+02, 2.54305099e+02, 6.91605835e+02, 2.76666931e+02,
    5.70367004e+02, 2.12963318e+02, 5.95037903e+02, 2.35256363e+02,
    6.20056152e+02, 2.57588348e+02, 6.44966858e+02, 2.79902039e+02,
    6.69986633e+02, 3.02302856e+02, 5.48837097e+02, 2.38533905e+02,
    5.73461426e+02, 2.60763123e+02, 5.98573425e+02, 2.83175995e+02,
    6.23550476e+02, 3.05458252e+02, 6.48573730e+02, 3.27730042e+02,
    5.27324646e+02, 2.64049530e+02, 5.52036987e+02, 2.86291748e+02,
    5.77041016e+02, 3.08541809e+02, 6.01917908e+02, 3.30808685e+02,
    6.26811646e+02, 3.53167694e+02 ]
