%YAML:1.0
---
points: [ 9.84342346e+02, 3.09263489e+02, 1.04360242e+03, 3.13678711e+02,
    1.10415051e+03, 3.18443512e+02, 1.16616785e+03, 3.23065765e+02,
    1.23035352e+03, 3.27706177e+02, 9.79377319e+02, 3.70538696e+02,
    1.03810950e+03, 3.75833618e+02, 1.09787671e+03, 3.81193726e+02,
    1.15949500e+03, 3.86475830e+02, 1.22264453e+03, 3.91891479e+02,
    9.74531799e+02, 4.30348541e+02, 1.03262903e+03, 4.36294342e+02,
    1.09196130e+03, 4.42319611e+02, 1.15287024e+03, 4.48535492e+02,
    1.21534460e+03, 4.54663208e+02, 9.69980591e+02, 4.88977692e+02,
    1.02739722e+03, 4.95742340e+02, 1.08615784e+03, 5.02351562e+02,
    1.14631812e+03, 5.08997040e+02, 1.20815515e+03, 5.16121155e+02,
    9.65406128e+02, 5.46740723e+02, 1.02219147e+03, 5.54223694e+02,
    1.08039099e+03, 5.61324707e+02, 1.13985571e+03, 5.68719360e+02,
    1.20116711e+03, 5.76326965e+02, 9.60809143e+02, 6.03439331e+02,
    1.01720721e+03, 6.11572083e+02, 1.07468774e+03, 6.19214294e+02,
    1.13358447e+03, 6.27181946e+02, 1.19431201e+03, 6.35257812e+02,
    9.56337463e+02, 6.59390320e+02, 1.01209784e+03, 6.67767700e+02,
    1.06923926e+03, 6.76147888e+02, 1.12750610e+03, 6.84667297e+02,
    1.18737683e+03, 6.93441406e+02 ]
