%YAML:1.0
---
points: [ 9.00767273e+02, 3.17585175e+02, 9.21664978e+02, 3.36347839e+02,
    9.42758240e+02, 3.55125031e+02, 9.64179321e+02, 3.74169373e+02,
    9.85713623e+02, 3.93394073e+02, 8.81128967e+02, 3.40044525e+02,
    9.01975769e+02, 3.58775269e+02, 9.22812378e+02, 3.77703369e+02,
    9.44133545e+02, 3.96728882e+02, 9.65565857e+02, 4.16095612e+02,
    8.61588318e+02, 3.62289581e+02, 8.82249695e+02, 3.81130981e+02,
    9.03048035e+02, 4.00084259e+02, 9.24153137e+02, 4.19247284e+02,
    9.45444885e+02, 4.38556000e+02, 8.42288940e+02, 3.84404266e+02,
    8.62622559e+02, 4.03301025e+02, 8.83330200e+02, 4.22343323e+02,
    9.04276245e+02, 4.41598785e+02, 9.25426025e+02, 4.61123901e+02,
    8.22818848e+02, 4.06452454e+02, 8.43152832e+02, 4.25479767e+02,
    8.63602417e+02, 4.44572052e+02, 8.84464050e+02, 4.64001556e+02,
    9.05508423e+02, 4.83585052e+02, 8.03520264e+02, 4.28515137e+02,
    8.23672852e+02, 4.47513153e+02, 8.44227478e+02, 4.66825287e+02,
    8.64808533e+02, 4.86343231e+02, 8.85789124e+02, 5.05974335e+02,
    7.84188965e+02, 4.50420288e+02, 8.04224426e+02, 4.69633881e+02,
    8.24579834e+02, 4.88894623e+02, 8.45264954e+02, 5.08535248e+02,
    8.65954285e+02, 5.28351868e+02 ]
