%YAML:1.0
---
points: [ 2.39008621e+02, 1.34039581e+02, 2.46294327e+02, 1.40423904e+02,
    2.53661713e+02, 1.46946747e+02, 2.61131836e+02, 1.53480469e+02,
    2.68677063e+02, 1.60155716e+02, 2.32210251e+02, 1.41754791e+02,
    2.39452744e+02, 1.48224258e+02, 2.46828873e+02, 1.54734406e+02,
    2.54189331e+02, 1.61289154e+02, 2.61733734e+02, 1.68009430e+02,
    2.25447784e+02, 1.49402084e+02, 2.32727295e+02, 1.55910934e+02,
    2.39998993e+02, 1.62432892e+02, 2.47291901e+02, 1.69083221e+02,
    2.54759277e+02, 1.75728104e+02, 2.18871368e+02, 1.57095291e+02,
    2.25974518e+02, 1.63569992e+02, 2.33217224e+02, 1.70133041e+02,
    2.40455978e+02, 1.76759888e+02, 2.47928162e+02, 1.83416794e+02,
    2.12141708e+02, 1.64650848e+02, 2.19258545e+02, 1.71215286e+02,
    2.26395874e+02, 1.77847641e+02, 2.33670593e+02, 1.84462265e+02,
    2.41054153e+02, 1.91225220e+02, 2.05470169e+02, 1.72280319e+02,
    2.12502106e+02, 1.78876068e+02, 2.19693054e+02, 1.85414764e+02,
    2.26930313e+02, 1.92187332e+02, 2.34251862e+02, 1.98899338e+02,
    1.98800644e+02, 1.79805511e+02, 2.05851135e+02, 1.86377136e+02,
    2.12948624e+02, 1.93120636e+02, 2.20124496e+02, 1.99763458e+02,
    2.27388382e+02, 2.06610626e+02 ]
