%YAML:1.0
---
points: [ 2.91810547e+02, 1.52942627e+02, 2.99304321e+02, 1.56403198e+02,
    3.07030212e+02, 1.60154099e+02, 3.14874908e+02, 1.63863464e+02,
    3.22894806e+02, 1.67676941e+02, 2.87601288e+02, 1.61062759e+02,
    2.95089417e+02, 1.64709717e+02, 3.02637817e+02, 1.68400314e+02,
    3.10383026e+02, 1.72257812e+02, 3.18396393e+02, 1.76154663e+02,
    2.83474335e+02, 1.69153870e+02, 2.90810089e+02, 1.72823318e+02,
    2.98300812e+02, 1.76625168e+02, 3.06079041e+02, 1.80475449e+02,
    3.13971527e+02, 1.84437820e+02, 2.79339325e+02, 1.77136551e+02,
    2.86628265e+02, 1.80907608e+02, 2.94127045e+02, 1.84734131e+02,
    3.01691223e+02, 1.88729462e+02, 3.09550964e+02, 1.92732407e+02,
    2.75313110e+02, 1.85098099e+02, 2.82465576e+02, 1.88906418e+02,
    2.89906158e+02, 1.92871872e+02, 2.97423798e+02, 1.96890869e+02,
    3.05221466e+02, 2.01099808e+02, 2.71282013e+02, 1.92986465e+02,
    2.78358276e+02, 1.96889526e+02, 2.85770569e+02, 2.00903244e+02,
    2.93269958e+02, 2.05060120e+02, 3.00928162e+02, 2.09184311e+02,
    2.67258911e+02, 2.00786057e+02, 2.74292236e+02, 2.04774368e+02,
    2.81545959e+02, 2.08909668e+02, 2.89108856e+02, 2.13092148e+02,
    2.96640900e+02, 2.17388733e+02 ]
