%YAML:1.0
---
points: [ 8.42203918e+02, 3.00068207e+02, 9.02721252e+02, 3.04706543e+02,
    9.63208923e+02, 3.09426880e+02, 1.02316010e+03, 3.14179932e+02,
    1.08363916e+03, 3.18832764e+02, 8.38970764e+02, 3.61554718e+02,
    8.99190979e+02, 3.66294739e+02, 9.58930054e+02, 3.70992584e+02,
    1.01844379e+03, 3.75660522e+02, 1.07829187e+03, 3.80289978e+02,
    8.35776611e+02, 4.21931244e+02, 8.95479309e+02, 4.26567139e+02,
    9.54514038e+02, 4.30945892e+02, 1.01368665e+03, 4.35456512e+02,
    1.07320435e+03, 4.40046967e+02, 8.32964722e+02, 4.80804840e+02,
    8.91726013e+02, 4.85553223e+02, 9.50314758e+02, 4.90122162e+02,
    1.00915723e+03, 4.94450623e+02, 1.06815955e+03, 4.98914154e+02,
    8.29706970e+02, 5.39067444e+02, 8.88297791e+02, 5.43681519e+02,
    9.46489624e+02, 5.48132812e+02, 1.00463379e+03, 5.52463745e+02,
    1.06291101e+03, 5.56741333e+02, 8.26998474e+02, 5.96171875e+02,
    8.84728943e+02, 6.00757141e+02, 9.42575073e+02, 6.04885376e+02,
    1.00018738e+03, 6.09151672e+02, 1.05782751e+03, 6.13489746e+02,
    8.23864990e+02, 6.52070801e+02, 8.81345947e+02, 6.56759216e+02,
    9.38474854e+02, 6.60977417e+02, 9.95725403e+02, 6.65312378e+02,
    1.05288879e+03, 6.69572815e+02 ]
