%YAML:1.0
---
points: [ 2.34217453e+02, 1.29764771e+02, 2.41372314e+02, 1.36050400e+02,
    2.48618347e+02, 1.42383270e+02, 2.55888657e+02, 1.48703995e+02,
    2.63187103e+02, 1.55154831e+02, 2.27776566e+02, 1.37281601e+02,
    2.34957062e+02, 1.43547653e+02, 2.42109009e+02, 1.49877930e+02,
    2.49301270e+02, 1.56203140e+02, 2.56588165e+02, 1.62619171e+02,
    2.21329758e+02, 1.44717880e+02, 2.28418442e+02, 1.51009186e+02,
    2.35610291e+02, 1.57324890e+02, 2.42777069e+02, 1.63696838e+02,
    2.50056351e+02, 1.70131836e+02, 2.15027985e+02, 1.52089340e+02,
    2.22056137e+02, 1.58377350e+02, 2.29196732e+02, 1.64752838e+02,
    2.36327484e+02, 1.71145538e+02, 2.43532837e+02, 1.77520065e+02,
    2.08627060e+02, 1.59450272e+02, 2.15638947e+02, 1.65789688e+02,
    2.22757309e+02, 1.72177200e+02, 2.29897827e+02, 1.78529358e+02,
    2.37060959e+02, 1.85022110e+02, 2.02289642e+02, 1.66819290e+02,
    2.09290985e+02, 1.73184082e+02, 2.16351196e+02, 1.79529282e+02,
    2.23467697e+02, 1.85928787e+02, 2.30606430e+02, 1.92359070e+02,
    1.95901627e+02, 1.74153427e+02, 2.02937729e+02, 1.80460251e+02,
    2.09959808e+02, 1.86855209e+02, 2.17064865e+02, 1.93288681e+02,
    2.24175751e+02, 1.99803955e+02 ]
