%YAML:1.0
---
points: [ 2.95016907e+02, 1.54189178e+02, 3.02517578e+02, 1.57720871e+02,
    3.10166870e+02, 1.61392883e+02, 3.18058746e+02, 1.65132187e+02,
    3.26037445e+02, 1.68912399e+02, 2.90962891e+02, 1.62145691e+02,
    2.98342590e+02, 1.65825119e+02, 3.05982635e+02, 1.69443573e+02,
    3.13667175e+02, 1.73250580e+02, 3.21623596e+02, 1.77131760e+02,
    2.86933014e+02, 1.70076096e+02, 2.94254303e+02, 1.73753906e+02,
    3.01760040e+02, 1.77464325e+02, 3.09401917e+02, 1.81311188e+02,
    3.17292389e+02, 1.85246689e+02, 2.82923615e+02, 1.77842148e+02,
    2.90199890e+02, 1.81631500e+02, 2.97628357e+02, 1.85411163e+02,
    3.05225739e+02, 1.89302643e+02, 3.13076477e+02, 1.93312408e+02,
    2.78935364e+02, 1.85616547e+02, 2.86198090e+02, 1.89391022e+02,
    2.93468689e+02, 1.93350937e+02, 3.01149109e+02, 1.97266800e+02,
    3.08828644e+02, 2.01368301e+02, 2.74990997e+02, 1.93363403e+02,
    2.82106903e+02, 1.97240051e+02, 2.89484650e+02, 2.01218918e+02,
    2.97037903e+02, 2.05232407e+02, 3.04675842e+02, 2.09317856e+02,
    2.71123840e+02, 2.01072876e+02, 2.78171143e+02, 2.05027145e+02,
    2.85435760e+02, 2.09024384e+02, 2.92901886e+02, 2.13119522e+02,
    3.00507904e+02, 2.17322006e+02 ]
