%YAML:1.0
---
points: [ 8.88772217e+02, 3.05212891e+02, 9.09509033e+02, 3.23425934e+02,
    9.30232483e+02, 3.41673401e+02, 9.51133606e+02, 3.60109314e+02,
    9.72253967e+02, 3.78667023e+02, 8.70147949e+02, 3.26843292e+02,
    8.90656860e+02, 3.45151855e+02, 9.11319885e+02, 3.63452972e+02,
    9.32085083e+02, 3.81869598e+02, 9.53117188e+02, 4.00507660e+02,
    8.51516052e+02, 3.48367065e+02, 8.71967041e+02, 3.66627808e+02,
    8.92542664e+02, 3.84997925e+02, 9.13286621e+02, 4.03533478e+02,
    9.34137390e+02, 4.22118835e+02, 8.33028625e+02, 3.69721649e+02,
    8.53377991e+02, 3.88106995e+02, 8.73787048e+02, 4.06546875e+02,
    8.94422485e+02, 4.25108551e+02, 9.15212830e+02, 4.43717987e+02,
    8.14537537e+02, 3.91232208e+02, 8.34691223e+02, 4.09613861e+02,
    8.55136780e+02, 4.28046417e+02, 8.75654968e+02, 4.46639221e+02,
    8.96442871e+02, 4.65383240e+02, 7.96158508e+02, 4.12470398e+02,
    8.16211609e+02, 4.30924042e+02, 8.36502869e+02, 4.49455292e+02,
    8.57134155e+02, 4.68084442e+02, 8.77716553e+02, 4.86792908e+02,
    7.77712708e+02, 4.33704712e+02, 7.97801331e+02, 4.52318054e+02,
    8.18078003e+02, 4.70748474e+02, 8.38405640e+02, 4.89482788e+02,
    8.58864746e+02, 5.08338867e+02 ]
