%YAML:1.0
---
points: [ 9.50095398e+02, 3.56672058e+02, 9.69576660e+02, 3.73801788e+02,
    9.89133728e+02, 3.91050476e+02, 1.00884778e+03, 4.08408234e+02,
    1.02874951e+03, 4.25925720e+02, 9.32463806e+02, 3.76827087e+02,
    9.51874756e+02, 3.94061676e+02, 9.71507019e+02, 4.11290436e+02,
    9.91110901e+02, 4.28696716e+02, 1.01085065e+03, 4.46341522e+02,
    9.15046509e+02, 3.96894501e+02, 9.34393188e+02, 4.14221405e+02,
    9.53686218e+02, 4.31483276e+02, 9.73362122e+02, 4.48871063e+02,
    9.93117920e+02, 4.66496674e+02, 8.97721069e+02, 4.16860565e+02,
    9.16930176e+02, 4.34190643e+02, 9.36271057e+02, 4.51562775e+02,
    9.55678711e+02, 4.68967010e+02, 9.75397949e+02, 4.86569916e+02,
    8.80347412e+02, 4.36854340e+02, 8.99501709e+02, 4.54238678e+02,
    9.18788818e+02, 4.71618164e+02, 9.38162720e+02, 4.89151489e+02,
    9.57640625e+02, 5.06717560e+02, 8.63080261e+02, 4.56838074e+02,
    8.82125977e+02, 4.74195618e+02, 9.01406677e+02, 4.91570099e+02,
    9.20664307e+02, 5.09155853e+02, 9.40264771e+02, 5.26808594e+02,
    8.45805115e+02, 4.76689148e+02, 8.64705383e+02, 4.94150848e+02,
    8.83794128e+02, 5.11486420e+02, 9.03184814e+02, 5.29124084e+02,
    9.22579590e+02, 5.46886597e+02 ]
