%YAML:1.0
---
points: [ 2.83668671e+02, 1.47331253e+02, 2.91118958e+02, 1.50841263e+02,
    2.98463470e+02, 1.54339813e+02, 3.06180634e+02, 1.58039886e+02,
    3.13912445e+02, 1.61717224e+02, 2.79816956e+02, 1.55131134e+02,
    2.87182434e+02, 1.58645752e+02, 2.94487701e+02, 1.62257172e+02,
    3.02169708e+02, 1.65980469e+02, 3.09847748e+02, 1.69622971e+02,
    2.75981598e+02, 1.62814362e+02, 2.83246246e+02, 1.66334000e+02,
    2.90621063e+02, 1.70089691e+02, 2.98165863e+02, 1.73722702e+02,
    3.05707489e+02, 1.77504639e+02, 2.72144318e+02, 1.70366882e+02,
    2.79363464e+02, 1.74116714e+02, 2.86725647e+02, 1.77742813e+02,
    2.94198730e+02, 1.81453384e+02, 3.01772308e+02, 1.85247849e+02,
    2.68352173e+02, 1.78034225e+02, 2.75559814e+02, 1.81707550e+02,
    2.82784851e+02, 1.85413925e+02, 2.90245514e+02, 1.89203323e+02,
    2.97755005e+02, 1.93120529e+02, 2.64596985e+02, 1.85576981e+02,
    2.71784454e+02, 1.89312515e+02, 2.79061188e+02, 1.93110382e+02,
    2.86316132e+02, 1.96875824e+02, 2.93859741e+02, 2.00733765e+02,
    2.60905792e+02, 1.93095810e+02, 2.67974091e+02, 1.96750412e+02,
    2.75169464e+02, 2.00615921e+02, 2.82455139e+02, 2.04484375e+02,
    2.89957947e+02, 2.08447327e+02 ]
