%YAML:1.0
---
points: [ 2.54239639e+02, 1.47448837e+02, 2.61048309e+02, 1.53344788e+02,
    2.67780548e+02, 1.59298950e+02, 2.74608521e+02, 1.65250473e+02,
    2.81494324e+02, 1.71276596e+02, 2.48188019e+02, 1.54388947e+02,
    2.54943298e+02, 1.60339767e+02, 2.61667084e+02, 1.66289734e+02,
    2.68447876e+02, 1.72262970e+02, 2.75318665e+02, 1.78265228e+02,
    2.42148605e+02, 1.61340469e+02, 2.48884415e+02, 1.67274643e+02,
    2.55590637e+02, 1.73228561e+02, 2.62344574e+02, 1.79199234e+02,
    2.69209473e+02, 1.85217484e+02, 2.36182159e+02, 1.68252075e+02,
    2.42864212e+02, 1.74210007e+02, 2.49578339e+02, 1.80175659e+02,
    2.56284363e+02, 1.86150009e+02, 2.63171387e+02, 1.92135712e+02,
    2.30236374e+02, 1.75151947e+02, 2.36883789e+02, 1.81106705e+02,
    2.43498550e+02, 1.87066177e+02, 2.50237381e+02, 1.93079453e+02,
    2.56953705e+02, 1.99161865e+02, 2.24255859e+02, 1.82030273e+02,
    2.30859131e+02, 1.87956528e+02, 2.37535110e+02, 1.93919418e+02,
    2.44253052e+02, 1.99964661e+02, 2.51046768e+02, 2.05947998e+02,
    2.18302719e+02, 1.88779297e+02, 2.24900757e+02, 1.94773087e+02,
    2.31489807e+02, 2.00756256e+02, 2.38221024e+02, 2.06796814e+02,
    2.44906174e+02, 2.12862076e+02 ]
