%YAML:1.0
---
points: [ 6.77650085e+02, 2.88210571e+02, 7.41159058e+02, 2.93246216e+02,
    8.02699951e+02, 2.98175446e+02, 8.62640991e+02, 3.02829620e+02,
    9.21100342e+02, 3.07434845e+02, 6.76711975e+02, 3.50818146e+02,
    7.39593384e+02, 3.55099182e+02, 8.00684753e+02, 3.59210266e+02,
    8.59980042e+02, 3.62830078e+02, 9.17892395e+02, 3.66528412e+02,
    6.75847412e+02, 4.12097382e+02, 7.38237000e+02, 4.15402802e+02,
    7.98532532e+02, 4.18636932e+02, 8.57453796e+02, 4.21674561e+02,
    9.15035095e+02, 4.24553009e+02, 6.74868591e+02, 4.71920227e+02,
    7.36669189e+02, 4.74731201e+02, 7.96499939e+02, 4.77032990e+02,
    8.54674988e+02, 4.79246979e+02, 9.11997620e+02, 4.81463074e+02,
    6.73885681e+02, 5.30901367e+02, 7.34982849e+02, 5.32942627e+02,
    7.94459961e+02, 5.34394287e+02, 8.52380371e+02, 5.35907471e+02,
    9.08636475e+02, 5.37526611e+02, 6.72676331e+02, 5.88820862e+02,
    7.33424438e+02, 5.90160828e+02, 7.92260925e+02, 5.90903809e+02,
    8.49598267e+02, 5.91587585e+02, 9.05754272e+02, 5.92433289e+02,
    6.71450806e+02, 6.45860535e+02, 7.31850159e+02, 6.46365601e+02,
    7.90221130e+02, 6.46380432e+02, 8.47203979e+02, 6.46339111e+02,
    9.02726379e+02, 6.46443481e+02 ]
