%YAML:1.0
---
points: [ 2.23366653e+02, 1.19705070e+02, 2.31056442e+02, 1.23318230e+02,
    2.38660461e+02, 1.26998123e+02, 2.46262421e+02, 1.30729401e+02,
    2.54030380e+02, 1.34425537e+02, 2.19801178e+02, 1.27560066e+02,
    2.27386139e+02, 1.31312576e+02, 2.35022614e+02, 1.34948441e+02,
    2.42568436e+02, 1.38707458e+02, 2.50256210e+02, 1.42347336e+02,
    2.16249207e+02, 1.35454056e+02, 2.23802490e+02, 1.39207550e+02,
    2.31357483e+02, 1.42866318e+02, 2.38937576e+02, 1.46506332e+02,
    2.46539719e+02, 1.50274155e+02, 2.12676132e+02, 1.43292328e+02,
    2.20238174e+02, 1.47003189e+02, 2.27729813e+02, 1.50622681e+02,
    2.35253738e+02, 1.54329758e+02, 2.42969528e+02, 1.58037537e+02,
    2.09170929e+02, 1.51118362e+02, 2.16650467e+02, 1.54740494e+02,
    2.24140686e+02, 1.58409592e+02, 2.31685852e+02, 1.62175598e+02,
    2.39194351e+02, 1.65869873e+02, 2.05621185e+02, 1.58820755e+02,
    2.13064072e+02, 1.62496933e+02, 2.20575821e+02, 1.66213898e+02,
    2.28137009e+02, 1.69847351e+02, 2.35590149e+02, 1.73552002e+02,
    2.02143539e+02, 1.66437347e+02, 2.09560654e+02, 1.70158646e+02,
    2.17048889e+02, 1.73842789e+02, 2.24544922e+02, 1.77480972e+02,
    2.32086700e+02, 1.81259933e+02 ]
