%YAML:1.0
---
points: [ 1.03350037e+03, 4.21354553e+02, 1.05161853e+03, 4.37283264e+02,
    1.06986304e+03, 4.53333832e+02, 1.08831384e+03, 4.69488068e+02,
    1.10687231e+03, 4.85753021e+02, 1.01711603e+03, 4.39833618e+02,
    1.03528821e+03, 4.55826904e+02, 1.05327942e+03, 4.72003662e+02,
    1.07162463e+03, 4.88217834e+02, 1.09007483e+03, 5.04622192e+02,
    1.00074078e+03, 4.58281189e+02, 1.01874298e+03, 4.74366272e+02,
    1.03669128e+03, 4.90462036e+02, 1.05493726e+03, 5.06740692e+02,
    1.07337952e+03, 5.23194275e+02, 9.84558533e+02, 4.76652649e+02,
    1.00242725e+03, 4.92719025e+02, 1.02038580e+03, 5.08883789e+02,
    1.03848022e+03, 5.25320801e+02, 1.05676318e+03, 5.41754333e+02,
    9.68416809e+02, 4.94897675e+02, 9.86186829e+02, 5.11130707e+02,
    1.00401025e+03, 5.27359070e+02, 1.02199127e+03, 5.43707092e+02,
    1.04033557e+03, 5.60325378e+02, 9.52249451e+02, 5.13282654e+02,
    9.69837463e+02, 5.29480957e+02, 9.87654663e+02, 5.45750549e+02,
    1.00555109e+03, 5.62251709e+02, 1.02371191e+03, 5.78701416e+02,
    9.36178772e+02, 5.31468506e+02, 9.53631348e+02, 5.47734558e+02,
    9.71371460e+02, 5.64059998e+02, 9.89223511e+02, 5.80585083e+02,
    1.00720142e+03, 5.97265259e+02 ]
