%YAML:1.0
---
points: [ 2.81746887e+02, 1.69718506e+02, 2.88127899e+02, 1.75221420e+02,
    2.94358521e+02, 1.80708252e+02, 3.00760590e+02, 1.86256622e+02,
    3.07278015e+02, 1.91920380e+02, 2.76087646e+02, 1.76187744e+02,
    2.82294312e+02, 1.81663498e+02, 2.88625061e+02, 1.87202240e+02,
    2.94951538e+02, 1.92752182e+02, 3.01419952e+02, 1.98295822e+02,
    2.70455658e+02, 1.82449295e+02, 2.76677124e+02, 1.88067154e+02,
    2.82935883e+02, 1.93571533e+02, 2.89247772e+02, 1.99070908e+02,
    2.95626160e+02, 2.04831329e+02, 2.64877411e+02, 1.88871048e+02,
    2.71025024e+02, 1.94361237e+02, 2.77283203e+02, 1.99880585e+02,
    2.83573761e+02, 2.05512314e+02, 2.90298157e+02, 2.11245621e+02,
    2.59305054e+02, 1.95111511e+02, 2.65445404e+02, 2.00637939e+02,
    2.71577393e+02, 2.06293976e+02, 2.77935730e+02, 2.11850784e+02,
    2.84256805e+02, 2.17817474e+02, 2.53703339e+02, 2.01415009e+02,
    2.59796356e+02, 2.07025467e+02, 2.66099915e+02, 2.12569992e+02,
    2.72201233e+02, 2.18187714e+02, 2.78480377e+02, 2.23839371e+02,
    2.48188065e+02, 2.07611664e+02, 2.54241104e+02, 2.13258148e+02,
    2.60382355e+02, 2.18902939e+02, 2.66663330e+02, 2.24509430e+02,
    2.72826965e+02, 2.30368439e+02 ]
