%YAML:1.0
---
points: [ 9.90547546e+02, 3.14863434e+02, 1.04919653e+03, 3.19268097e+02,
    1.10717700e+03, 3.23455322e+02, 1.16452991e+03, 3.27611481e+02,
    1.22176123e+03, 3.31554993e+02, 9.86373596e+02, 3.74750275e+02,
    1.04462634e+03, 3.78753387e+02, 1.10206653e+03, 3.82592743e+02,
    1.15908276e+03, 3.86616821e+02, 1.21581384e+03, 3.90493835e+02,
    9.82465881e+02, 4.33264587e+02, 1.04033960e+03, 4.37091248e+02,
    1.09729272e+03, 4.40706635e+02, 1.15379260e+03, 4.44445465e+02,
    1.21027148e+03, 4.48042786e+02, 9.78706055e+02, 4.90658417e+02,
    1.03613269e+03, 4.94276550e+02, 1.09245801e+03, 4.97680756e+02,
    1.14861609e+03, 5.01194580e+02, 1.20450403e+03, 5.04447327e+02,
    9.74728760e+02, 5.47374390e+02, 1.03179492e+03, 5.50693237e+02,
    1.08762659e+03, 5.53963623e+02, 1.14331177e+03, 5.56949158e+02,
    1.19853918e+03, 5.60081116e+02, 9.70933960e+02, 6.03035828e+02,
    1.02753174e+03, 6.06218140e+02, 1.08298291e+03, 6.08857056e+02,
    1.13817407e+03, 6.11806152e+02, 1.19280212e+03, 6.14482727e+02,
    9.67315735e+02, 6.57746765e+02, 1.02316925e+03, 6.60642700e+02,
    1.07838293e+03, 6.63377136e+02, 1.13303784e+03, 6.65901855e+02,
    1.18745068e+03, 6.68523560e+02 ]
