%YAML:1.0
---
points: [ 2.88478241e+02, 1.49468475e+02, 2.95574921e+02, 1.52875320e+02,
    3.02749390e+02, 1.56257324e+02, 3.10058441e+02, 1.59609161e+02,
    3.17345581e+02, 1.63128677e+02, 2.84975372e+02, 1.56693466e+02,
    2.92054474e+02, 1.60155655e+02, 2.99110809e+02, 1.63464813e+02,
    3.06240417e+02, 1.67097900e+02, 3.13562988e+02, 1.70487946e+02,
    2.81414673e+02, 1.64143753e+02, 2.88345093e+02, 1.67394211e+02,
    2.95374176e+02, 1.70857681e+02, 3.02563019e+02, 1.74277832e+02,
    3.09778351e+02, 1.77885208e+02, 2.77790009e+02, 1.71194458e+02,
    2.84720734e+02, 1.74659531e+02, 2.91831757e+02, 1.78047012e+02,
    2.98920807e+02, 1.81485825e+02, 3.06331726e+02, 1.85160431e+02,
    2.74290741e+02, 1.78283707e+02, 2.81244141e+02, 1.81765640e+02,
    2.88178070e+02, 1.85268555e+02, 2.95298248e+02, 1.88748505e+02,
    3.02351074e+02, 1.92454376e+02, 2.70742554e+02, 1.85407654e+02,
    2.77629730e+02, 1.89005920e+02, 2.84557709e+02, 1.92358887e+02,
    2.91655792e+02, 1.96013031e+02, 2.98764679e+02, 1.99474594e+02,
    2.67325256e+02, 1.92453568e+02, 2.74255737e+02, 1.95957016e+02,
    2.81109253e+02, 1.99521912e+02, 2.88223236e+02, 2.03084579e+02,
    2.95089935e+02, 2.06663361e+02 ]
