%YAML:1.0
---
points: [ 9.78449707e+02, 3.68357605e+02, 9.95797607e+02, 3.83712860e+02,
    1.01329163e+03, 3.98948090e+02, 1.03066711e+03, 4.14355499e+02,
    1.04836560e+03, 4.29749084e+02, 9.62869934e+02, 3.86211334e+02,
    9.80249939e+02, 4.01515350e+02, 9.97590332e+02, 4.16767670e+02,
    1.01497333e+03, 4.32218170e+02, 1.03254688e+03, 4.47729584e+02,
    9.47490723e+02, 4.03919739e+02, 9.64708679e+02, 4.19302765e+02,
    9.82095764e+02, 4.34550262e+02, 9.99365173e+02, 4.49986145e+02,
    1.01683545e+03, 4.65459320e+02, 9.32175964e+02, 4.21604645e+02,
    9.49333862e+02, 4.36873932e+02, 9.66518677e+02, 4.52327454e+02,
    9.83751404e+02, 4.67663025e+02, 1.00124677e+03, 4.83290497e+02,
    9.16741028e+02, 4.39240662e+02, 9.33829895e+02, 4.54562225e+02,
    9.51097351e+02, 4.69892120e+02, 9.68338135e+02, 4.85412994e+02,
    9.85661194e+02, 5.00958923e+02, 9.01515747e+02, 4.56754883e+02,
    9.18588623e+02, 4.72239532e+02, 9.35672607e+02, 4.87561310e+02,
    9.52826172e+02, 5.03091064e+02, 9.70298950e+02, 5.18638306e+02,
    8.86259277e+02, 4.74366119e+02, 9.03196533e+02, 4.89728577e+02,
    9.20318298e+02, 5.05188202e+02, 9.37424011e+02, 5.20727661e+02,
    9.54647827e+02, 5.36261902e+02 ]
