%YAML:1.0
---
points: [ 9.78621277e+02, 3.08394745e+02, 1.03106885e+03, 3.12133667e+02,
    1.08242590e+03, 3.15602173e+02, 1.13348547e+03, 3.19226624e+02,
    1.18429492e+03, 3.22732300e+02, 9.75308655e+02, 3.61821045e+02,
    1.02739038e+03, 3.65365387e+02, 1.07850647e+03, 3.68643677e+02,
    1.12895190e+03, 3.71933411e+02, 1.17940173e+03, 3.75173920e+02,
    9.72224731e+02, 4.14349518e+02, 1.02373737e+03, 4.17611481e+02,
    1.07456726e+03, 4.20610840e+02, 1.12474011e+03, 4.23687866e+02,
    1.17477759e+03, 4.26580780e+02, 9.69110962e+02, 4.65997742e+02,
    1.02038080e+03, 4.68969421e+02, 1.07054395e+03, 4.71669952e+02,
    1.12063940e+03, 4.74559387e+02, 1.17021399e+03, 4.77138275e+02,
    9.65712097e+02, 5.17013977e+02, 1.01682922e+03, 5.19600830e+02,
    1.06668213e+03, 5.22126099e+02, 1.11636426e+03, 5.24532166e+02,
    1.16538525e+03, 5.27004395e+02, 9.62857361e+02, 5.66911133e+02,
    1.01327588e+03, 5.69533325e+02, 1.06285095e+03, 5.71650146e+02,
    1.11189246e+03, 5.73896912e+02, 1.16068933e+03, 5.75870789e+02,
    9.59632996e+02, 6.16449097e+02, 1.00983710e+03, 6.18700195e+02,
    1.05906152e+03, 6.20540527e+02, 1.10768469e+03, 6.22474548e+02,
    1.15633313e+03, 6.24318970e+02 ]
