%YAML:1.0
---
points: [ 2.62226105e+02, 1.51529739e+02, 2.68284119e+02, 1.56862076e+02,
    2.74252808e+02, 1.62124374e+02, 2.80338806e+02, 1.67418732e+02,
    2.86438934e+02, 1.72700714e+02, 2.56818237e+02, 1.57788849e+02,
    2.62854584e+02, 1.63067764e+02, 2.68908569e+02, 1.68282700e+02,
    2.74923431e+02, 1.73572693e+02, 2.80981079e+02, 1.78923065e+02,
    2.51559586e+02, 1.63844772e+02, 2.57542908e+02, 1.69115112e+02,
    2.63478668e+02, 1.74388504e+02, 2.69521088e+02, 1.79675110e+02,
    2.75479797e+02, 1.85091354e+02, 2.46227341e+02, 1.70033691e+02,
    2.52176453e+02, 1.75255356e+02, 2.58199158e+02, 1.80476318e+02,
    2.64175873e+02, 1.85771988e+02, 2.70526825e+02, 1.91270569e+02,
    2.41011566e+02, 1.76032059e+02, 2.46925644e+02, 1.81289673e+02,
    2.52849884e+02, 1.86621246e+02, 2.58764679e+02, 1.91907150e+02,
    2.64802704e+02, 1.97447876e+02, 2.35669235e+02, 1.82113861e+02,
    2.41605148e+02, 1.87397308e+02, 2.47587509e+02, 1.92633194e+02,
    2.53467896e+02, 1.97933914e+02, 2.59370117e+02, 2.03259354e+02,
    2.30518753e+02, 1.88069611e+02, 2.36313614e+02, 1.93324097e+02,
    2.42214417e+02, 1.98725052e+02, 2.48205612e+02, 2.03982513e+02,
    2.54116119e+02, 2.09569443e+02 ]
