%YAML:1.0
---
points: [ 3.10292328e+02, 1.58325317e+02, 3.16853760e+02, 1.61488602e+02,
    3.23682404e+02, 1.64884491e+02, 3.30658386e+02, 1.68197662e+02,
    3.37807037e+02, 1.71306824e+02, 3.06353882e+02, 1.65237076e+02,
    3.13182922e+02, 1.68436005e+02, 3.20112427e+02, 1.71647003e+02,
    3.27142456e+02, 1.75249802e+02, 3.33864807e+02, 1.78472229e+02,
    3.03218018e+02, 1.72143280e+02, 3.09806976e+02, 1.75259384e+02,
    3.16303802e+02, 1.78686249e+02, 3.23290833e+02, 1.81996094e+02,
    3.30146118e+02, 1.85111252e+02, 2.99597443e+02, 1.78907883e+02,
    3.06212708e+02, 1.82317688e+02, 3.13013855e+02, 1.85208023e+02,
    3.19677429e+02, 1.88749954e+02, 3.27568390e+02, 1.93344482e+02,
    2.96272186e+02, 1.85554626e+02, 3.02902710e+02, 1.88885910e+02,
    3.09237427e+02, 1.92319122e+02, 3.15850677e+02, 1.95897705e+02, 323.,
    1.99500000e+02, 2.92530640e+02, 1.92401855e+02, 2.99202698e+02,
    1.95873901e+02, 3.05967255e+02, 1.98968567e+02, 3.12907349e+02,
    2.02383865e+02, 3.20185730e+02, 2.05487808e+02, 2.89468323e+02,
    1.99119965e+02, 2.96066528e+02, 2.02084778e+02, 3.02162262e+02,
    2.05845093e+02, 3.09408478e+02, 2.09116501e+02, 3.16750000e+02, 212. ]
