%YAML:1.0
---
points: [ 1.06410608e+03, 4.35714355e+02, 1.08063977e+03, 4.50417053e+02,
    1.09729163e+03, 4.65033539e+02, 1.11401599e+03, 4.79815704e+02,
    1.13092310e+03, 4.94803101e+02, 1.04904358e+03, 4.52556854e+02,
    1.06558118e+03, 4.67270172e+02, 1.08206287e+03, 4.81968292e+02,
    1.09868958e+03, 4.96814819e+02, 1.11556738e+03, 5.11763916e+02,
    1.03409741e+03, 4.69263306e+02, 1.05052283e+03, 4.83985687e+02,
    1.06691028e+03, 4.98768951e+02, 1.08352808e+03, 5.13634277e+02,
    1.10029590e+03, 5.28644409e+02, 1.01929926e+03, 4.85829834e+02,
    1.03554797e+03, 5.00621765e+02, 1.05182434e+03, 5.15469971e+02,
    1.06839587e+03, 5.30472412e+02, 1.08514026e+03, 5.45554749e+02,
    1.00441791e+03, 5.02475830e+02, 1.02059277e+03, 5.17338562e+02,
    1.03681140e+03, 5.32167419e+02, 1.05331323e+03, 5.47301025e+02,
    1.06983960e+03, 5.62378296e+02, 9.89556763e+02, 5.19132385e+02,
    1.00572937e+03, 5.33861145e+02, 1.02190503e+03, 5.48724060e+02,
    1.03836890e+03, 5.63811401e+02, 1.05479749e+03, 5.79005737e+02,
    9.74718384e+02, 5.35567810e+02, 9.90815857e+02, 5.50600769e+02,
    1.00700177e+03, 5.65423889e+02, 1.02333551e+03, 5.80424194e+02,
    1.03970715e+03, 5.95716980e+02 ]
