%YAML:1.0
---
points: [ 2.90980927e+02, 1.74561020e+02, 2.96811188e+02, 1.79703491e+02,
    3.02460297e+02, 1.84649094e+02, 3.08326813e+02, 1.89829681e+02,
    3.14207916e+02, 1.94911469e+02, 2.85737122e+02, 1.80489380e+02,
    2.91463257e+02, 1.85505280e+02, 2.97273346e+02, 1.90524490e+02,
    3.03048431e+02, 1.95713028e+02, 3.08915070e+02, 2.00776566e+02,
    2.80675873e+02, 1.86134796e+02, 2.86324615e+02, 1.91238449e+02,
    2.92040497e+02, 1.96419540e+02, 2.97759491e+02, 2.01337570e+02,
    3.03540253e+02, 2.06548050e+02, 2.75368286e+02, 1.92017014e+02,
    2.81102509e+02, 1.97068878e+02, 2.86857147e+02, 2.02040787e+02,
    2.92458374e+02, 2.07200287e+02, 2.98893646e+02, 2.12746399e+02,
    2.70444244e+02, 1.97581055e+02, 2.76032654e+02, 2.02721085e+02,
    2.81650543e+02, 2.07833603e+02, 2.87348511e+02, 2.12961166e+02,
    2.93291901e+02, 2.18691071e+02, 2.65179047e+02, 2.03499985e+02,
    2.70823334e+02, 2.08494965e+02, 2.76552673e+02, 2.13515656e+02,
    2.82197296e+02, 2.18654236e+02, 2.87706116e+02, 2.24154709e+02,
    2.60353302e+02, 2.09097397e+02, 2.65748749e+02, 2.14104507e+02,
    2.71352020e+02, 2.19484970e+02, 2.77107513e+02, 2.24405487e+02,
    2.82798004e+02, 2.29755356e+02 ]
