%YAML:1.0
---
rotation: !!opencv-matrix
   rows: 3
   cols: 3
   dt: d
   data: [ 9.9994077229087008e-01, -2.2001837794224954e-03,
       1.0658850860912497e-02, 2.7440565071297682e-03,
       9.9868041210963254e-01, -5.1282595706733533e-02,
       -1.0531954435150566e-02, 5.1308806845135002e-02,
       9.9862729998528710e-01 ]
translation: !!opencv-matrix
   rows: 3
   cols: 1
   dt: d
   data: [ -5.2575448041434783e-02, 3.7233566365695511e-03,
       -2.8112385927105611e-02 ]
essential: !!opencv-matrix
   rows: 3
   cols: 3
   dt: d
   data: [ 3.7927753092051500e-05, 2.8266330149548165e-02,
       2.2765694630083283e-03, -2.8664443118068990e-02,
       2.7594359238720919e-03, 5.2203631994193332e-02,
       -3.8674061109990557e-03, -5.2497878047991879e-02,
       2.6565187429180917e-03 ]
fundamental: !!opencv-matrix
   rows: 3
   cols: 3
   dt: d
   data: [ 1.2846534377901391e-08, 9.4547957967529997e-06,
       -1.5083903980657423e-03, -9.6866848794149892e-06,
       9.2088592402236603e-07, 8.9579797918666760e-03,
       3.7408981266007172e-03, -2.8533803576018368e-02, 1. ]
