%YAML:1.0
---
cameraMatrix: !!opencv-matrix
   rows: 3
   cols: 3
   dt: d
   data: [ 1.0674586432328520e+03, 0., 9.8357081291721704e+02, 0.,
       1.0699125049102161e+03, 5.3184671199465856e+02, 0., 0., 1. ]
distortionCoefficients: !!opencv-matrix
   rows: 1
   cols: 5
   dt: d
   data: [ 2.5501409985990094e-02, 3.8819256285229690e-02,
       9.2345753510083292e-04, -1.9774788619851872e-03,
       -1.3117005680130259e-01 ]
rotation: !!opencv-matrix
   rows: 3
   cols: 3
   dt: d
   data: [ 1., 0., 0., 0., 1., 0., 0., 0., 1. ]
projection: !!opencv-matrix
   rows: 4
   cols: 4
   dt: d
   data: [ 1.0674586432328520e+03, 0., 9.8357081291721704e+02, 0., 0.,
       1.0699125049102161e+03, 5.3184671199465856e+02, 0., 0., 0., 1.,
       0., 0., 0., 0., 1. ]
