%YAML:1.0
---
depthShift: 2.5494991387182466e+01
