%YAML:1.0
---
cameraMatrix: !!opencv-matrix
   rows: 3
   cols: 3
   dt: d
   data: [ 3.7841655563165887e+02, 0., 2.5366891565288495e+02, 0.,
       3.8319185607185238e+02, 1.9005466139352319e+02, 0., 0., 1. ]
distortionCoefficients: !!opencv-matrix
   rows: 1
   cols: 5
   dt: d
   data: [ 1.0208314569573707e-01, -2.0310303005835004e-01,
       -1.1251726612173270e-02, 3.6372169693193522e-03,
       -1.1137810763396604e-01 ]
rotation: !!opencv-matrix
   rows: 3
   cols: 3
   dt: d
   data: [ 1., 0., 0., 0., 1., 0., 0., 0., 1. ]
projection: !!opencv-matrix
   rows: 4
   cols: 4
   dt: d
   data: [ 3.7841655563165887e+02, 0., 2.5366891565288495e+02, 0., 0.,
       3.8319185607185238e+02, 1.9005466139352319e+02, 0., 0., 0., 1.,
       0., 0., 0., 0., 1. ]
